~g_Delta++ 1699.78 -1554.55 -2986.01
~g_Delta- -4112.77 -3994.14 3685.07
~g_Delta- -469.199 2236.69 1691.19
~g_Delta+ 2770.46 -3951.8 9825.43
~g_rho- -1260.26 -37.5661 2213.48
~g_Delta+ -1239.39 -448.358 -1038.54
~g_Delta++ -1099.82 1273.13 863.124
~g_Delta- 556.621 2536.9 -724.005
~g_Delta++ 668.349 -2756.92 1758.84
~g_Delta+ -6127.16 3365.23 2050.43
~g_Delta+ -6876.8 1941.27 5507.53
~g_Delta++ 4769.06 5057.02 662.022
~g_Delta++ -3285.59 2744.1 -8744.58
~g_Delta++ -511.49 1876 -1602.43
~g_Delta++ -1318.9 -550.518 1101.22
~g_Delta+ 3332.35 -836.617 -176.141
~g_Delta++ 672.202 2408.21 1806.72
~g_K*+ 969.595 1124.6 -144.653
~g_Delta+ -416.715 1251.5 -7563.05
~g_Delta+ 850.634 1612.77 -2807.96
~g_Delta++ 814.298 521.035 4296.77
~g_Delta++ -1600.71 -6700.34 -4847.09
~g_Delta- 2548.09 5372.46 -6436.83
~g_Delta++ 1455.09 4157.43 -1163.94
~g_Delta++ 2369.31 -915.786 -285.384
~g_Delta++ 5556.79 -1131.19 -3208.84
~g_Delta++ 3069.46 -2620.61 7136.61
~g_Delta++ 1561.1 -1785.61 -1084.82
~g_Delta+ -59.9442 4771.59 2454.82
~g_Delta++ -852.307 5780.91 -6430.78
~g_Delta+ 5695.97 1499.4 833.425
~g_rho- -1445.29 15.3836 -760.583
~g_Delta++ -696.603 -3679.13 -3458.46
~g_Delta- 900.225 964.684 -10480.1
~g_Delta+ -774.706 2404.97 6566.18
~g_Delta- -1552.88 1793.47 -1784.15
~g_Delta++ -114.056 5679.37 725.554
~g_Delta++ 5551.14 -1059.21 1067.89
~g_Delta++ -1961.51 -387.629 3311.13
~g_Delta- -2296.77 -965.539 9812.16
~g_Delta+ 1759.79 5819.73 3477.98
~g_Delta+ -1607.16 1397.46 1447.78
~g_Delta+ -837.946 992.101 4291.41
~g_Delta- -1712.54 1309.27 -3324.24
~g_Delta- 619.9 -1378.09 1348.84
~g_Delta++ -206.325 -1421.35 4308.12
~g_Delta- 3809.04 -2817.8 9937.86
~g_Delta- -4462.48 5295.35 -812.931
~g_Delta+ -1272.05 4730.5 7308.51
~g_Delta+ 291.085 1464.37 334.802
~g_Delta- -1671.67 2190.93 -8579.75
~g_Delta- 753.531 1431.32 -6526.86
~g_Delta+ -6947.59 -219.101 -7274.42
~g_Delta++ -487.677 -5937.04 -201.752
~g_Delta++ 4500 3559.28 -698.894
~g_Delta++ -1309.48 -1572.15 442.575
~g_Delta++ 961.742 2528.27 1713.81
~g_Delta++ -482.363 -1867.64 -918.81
~g_Delta++ -118.188 -2523.79 1363.53
~g_Delta++ -4617.55 -3329.3 1035.13
~g_Delta- -1961.12 1647.13 -1934.07
~g_Delta++ 1387.57 -945.038 -4326.79
~g_Delta+ 1365.85 1666.02 -118.421
~g_Delta++ -5399.72 -3507.66 3431.35
~g_Delta++ -3230.98 -3572.03 2531.1
~g_Delta+ 2.69945 1316.41 -1572.57
~g_Delta++ 967.708 -69.062 -4665.5
~g_Delta+ -2279.35 -658.096 2979.1
~g_Delta- 958.912 -1144.24 -78.545
~g_Delta- 4174.97 -1998.62 8872.55
~g_Delta- -27.8482 -2120.54 3128.75
~g_Delta+ -2083.59 -865.828 3975.08
~g_Delta++ -2285.64 1705.61 238.151
~g_Delta- -97.8516 5472.78 -3924.34
~g_Delta++ -4683.96 -1441.41 -6025.24
~g_Delta- -285.359 3928.04 -880.308
~g_Delta++ 1551.14 -1270.37 2205.25
~g_Delta++ -2324.67 -57.0647 245.769
~g_Delta+ 3858.19 2927.38 380.247
~g_Delta++ 20.7969 3888.43 887.975
~g_Delta++ -2014.1 -454.443 -1260.6
~g_Delta++ -195.125 605.797 -4725.08
~g_Delta++ -294.278 2220.86 -7076.18
~g_rho- 966.953 1635.22 423.507
~g_Delta+ -2585.11 -753.308 1085.92
~g_Delta- 5677.06 1468.74 3318.9
~g_Delta++ 45.0908 -1562.36 7769.48
~g_Delta- 5817.81 -3148.38 -6514.3
~g_Delta+ 2408.79 659.875 -2146.76
~g_Delta- -939.398 1791.51 -5498.63
~g_Delta- 1730.26 -1403.26 -919.235
~g_Delta++ -329.696 -6408.75 2436.38
~g_rho- 1312.3 -392.939 -1087.67
~g_rho+ 646.323 243.021 2770.61
~g_Delta++ 1929.94 1989.52 2634.83
~g_Delta+ -2947.11 -1346.16 -788.469
~g_Delta+ -673.5 -719.699 -8752.18
~g_Delta++ 6393.29 -47.5538 8743.4
~g_Delta++ 5266.68 -3971.97 -2674.51
~g_Delta+ 6409.33 2667.99 1519.03
~g_Delta- 1314.08 914.155 -8737.65
~g_rho- 1193.39 500.883 -1320.75
~g_Delta- 1169.37 3821.5 -10753.7
~g_Delta++ 3143.38 1431.53 5082.54
~g_Delta++ -4792.82 2425.26 -41.1842
~g_Delta- -237.516 6894.08 4506.09
~g_Delta+ 5586.78 2181.6 2720.16
~g_Delta- 3936.1 -690.65 -400.855
~g_Delta++ 1844.11 -5485.86 7423.07
~g_Delta- -4759.2 2911.09 894.9
~g_rho- 7.22979 -45.2401 -12.1098
~g_Delta+ -594.651 -1730.03 6462.14
~g_Delta++ -2693.67 -343.972 -639.575
~g_Delta+ -740.472 2943.25 -3022.35
~g_Delta- 472.655 -5543.22 468.522
~g_Delta++ 4712.92 3411.09 5950.95
~g_Delta- -4928.62 -2384.53 -3858.82
~g_Delta+ 1687.52 -900.002 2826.05
~g_Delta++ 1497.7 -1622.82 -656.04
~g_Delta- -1781.61 -330.336 -724.482
~g_Delta+ 1856.24 807.628 99.2735
~g_Delta++ 313.384 -12.0217 -12618.5
~g_Delta++ -2116.99 1669.16 137.297
~g_Delta++ 1430.51 302.386 -12488.1
~g_Delta+ 1348.08 45.7738 -5613.53
~g_Delta- 3315.39 2121.25 8697.32
~g_Delta++ 308.942 -1347.51 983.611
~g_Delta- -1048.31 384.854 -4919.22
~g_Delta- -279.328 -505.582 5114.26
~g_Delta- 6129.03 3355.57 -3353.14
~g_Delta- 846.934 -1977.87 -2819.26
~g_Delta- 344.073 5739.76 5225.02
~g_Delta+ -3803.59 4156.38 2677.48
~g_Delta++ -2192.64 -841.289 1862.48
~g_Delta- 470.261 -1259.93 -9063.62
~g_Delta++ -2586.91 3098.25 -9007.9
~g_Delta- -974.566 -3039.02 -8604.58
~g_Delta++ -265.366 1115.34 -12197.4
~g_Delta- -1332.89 -3510.04 2125.75
~g_Delta++ 1804.41 -1012.12 2125.57
~g_Delta++ -557.839 1034.73 -12377.7
~g_Delta- 3135.06 -1462.6 2412.08
~g_Delta+ -1909.58 5671.25 2636.72
~g_Delta++ -5206.87 -4118.52 -4087.05
~g_Delta- 2519.41 490.633 -3551.86
~g_Delta- 2083.19 1629.57 1741.32
~g_Delta++ -4308.46 -1919.57 -8783.66
~g_Delta++ 384.594 2802.39 -1763.13
~g_Delta++ -2888.09 -2052.85 -10773.7
~g_Delta- -6635.12 132.248 4527.06
~g_Delta++ -3311.55 3432.04 -48.808
~g_Delta++ -2587.99 -3502.89 7735.1
~g_Delta+ 1186.08 -2786.21 8631.31
~g_Delta- -1920.79 -587.13 973.122
~g_Delta- 2757.83 -721.156 709.527
~g_Delta++ -2684.43 -4686.01 3343.99
~g_Delta+ -1347.63 -1259.79 127.528
~g_Delta+ 690.732 2150.42 -748.995
~g_Delta+ 1239.96 -1878.25 -182.45
~g_Delta+ 543.169 -2233.08 -1373.87
~g_Delta++ 758.38 -1721.89 -1306.52
~g_Delta- -2053.56 -1902 -1741
~g_Delta- 943.131 1532.54 -1330.82
~g_Delta+ 2955.41 -1667.18 -5327.99
~g_Delta- 6491.15 -2146.67 2787.54
~g_Delta- 2478.4 1279.18 3200.52
~g_Delta++ 2006 -391.544 -976.768
~g_Delta++ -3303.03 1767.44 1895.91
~g_Delta++ 1350.73 1698.65 -2369.79
~g_Delta++ 4877.57 -3053.57 -620.964
~g_Delta- -2742.45 3051.96 942.01
~g_Delta++ 1407.86 -1186.22 4485.42
~g_Delta++ 1406.67 41.6354 6707.87
~g_Delta+ -4452.61 4219.97 -4672.18
~g_Delta+ -1320.11 -2966.93 -6080.04
~g_Delta++ -2043.67 -5628.3 -1718.3
~g_Delta++ 1317.37 380.299 -1935.36
~g_Delta++ 740.675 -3192.45 -6126.95
~g_Delta+ 1687.39 -2218.15 378.032
~g_Delta++ -924.692 5384.27 1979.51
~g_Delta- 4492.06 -2689.47 -7561.68
~g_Delta- 2294.87 -2489.53 -6499.86
~g_Delta++ -2530.19 -851.139 -311.694
~g_Delta- 2270.6 -1425.8 3040.99
~g_Delta+ 2139.04 -545.573 189.79
~g_Delta+ -6524.86 -1794.41 -4526.73
~g_Delta- -1896.06 29.5945 4632.46
~g_Delta- -1461.01 -1982.26 4588.75
~g_Delta- 1523.28 -6501.27 -4105.37
~g_Delta++ 1773.78 2251.54 -405.195
~g_Delta++ -1676.8 -2956.03 1743.73
~g_Delta+ -1236.58 2570.37 -845.722
~g_Delta+ 102.283 -5473.27 -2475.97
~g_Delta++ 2604.38 -1295.71 -7769.35
~g_Delta+ 1979.88 -369.848 748.433
~g_Delta++ 2068.85 -5050.4 6061.76
~g_Delta++ -994.988 2151.31 -7501.8
~g_Delta++ 1168.99 -1887.07 397.046
~g_Delta+ -1746.49 1401.36 -2936.08
~g_Delta++ 4034.96 589.347 227.222
~g_Delta++ 1951.14 -6453.4 585.003
~g_Delta- -497.001 603.171 -6130.34
~g_Delta++ -634.195 1201.17 -1883.96
~g_Delta++ -245.636 -1249.47 7566.29
~g_K*- 442.951 -1852.47 -211.304
~g_Delta++ -489.909 5733.15 -8688.5
~g_Delta++ -1625.58 -2060.92 -9953.4
~g_Delta+ 1646.48 2757.62 -2934.24
~g_Delta++ -1550.69 3485.61 -9952
~g_Delta- -5711.28 4025.07 -2691.01
~g_Delta++ 1570.64 -2904.81 -4231.17
~g_Delta++ 1134.94 1557.66 1750.63
~g_Delta++ -5892.32 -2681.26 -567.776
~g_Delta++ 443.791 1376.03 -10288.3
~g_Delta++ 527.246 -1897.1 -1698.08
~g_Delta++ -2221.46 -556.445 940.167
~g_Delta++ -283.38 2420.6 2604.31
~g_Delta++ -2341.4 2507.07 -477.538
~g_Delta++ 5761.37 1497.9 1044.54
~g_Delta- -215.614 -880.171 -4435.74
~g_Delta- 1914.13 -998.297 10721.6
~g_Delta++ -298.941 -3391.49 1746.5
~g_Delta- -6552 1884.2 4530.38
~g_Delta++ 4392.29 -2759.2 7605.1
~g_Delta++ 2527.98 2221.18 812.968
~g_Delta- -1550.53 1832.5 513.162
~g_Delta+ 2219.13 -5890.21 3826.53
~g_Delta+ 2623.42 123.004 6757.61
~g_Delta++ -1272.24 326.94 -3409.45
~g_Delta- 3381.95 -349.942 7472.42
~g_rho+ 747.213 -1363.76 -1548.96
~g_Delta++ -2434.91 -6127.84 -33.1962
~g_Delta++ -1248.83 -2279.71 -3999.68
~g_Delta++ 2654.54 -706.337 -490.204
~g_Delta++ -5380.96 -2125.3 -4515.59
~g_Delta++ 1699.91 -913.918 -5048.97
~g_Delta++ -3061.4 -1651.56 -2747.16
~g_Delta++ -571.946 -1798.96 -1588.58
~g_Delta++ 131.187 -4098.3 9827.79
~g_Delta- -1557.72 -2563.41 143.645
~g_Delta++ -1271.64 -428.451 25.1083
~g_Delta- 4966.27 -1504.42 616.571
~g_Delta++ -72.2673 1942.93 341.676
~g_K*- 2014.72 418.166 926.909
~g_Delta++ 2647.37 3129.7 691.544
~g_Delta++ -1452.65 -472.26 -9826.1
~g_Delta++ -230.611 -1335.92 -6950.92
~g_Deltabar- 57.1896 89.2992 195.955
~g_rho- 892.923 920.488 -3997.25
~g_Delta++ -1041.03 -2299.08 -2215.16
~g_Delta- 4532.32 1134.83 -7435.87
~g_Delta- 891.466 367.486 -7528.54
~g_Delta++ 2123.29 6375.57 -121.318
~g_Delta++ 474.815 -875.92 -3391.97
~g_Delta- 81.3689 1131.65 4461.23
~g_Delta++ 145.882 1287.09 -6372.58
~g_Delta- 2430.48 -4208.9 -445.198
~g_rho- -477.092 1935.27 671.905
~g_Delta++ 6706.63 -1404.56 4779.55
~g_Delta++ -1716.7 1649.72 -2182.51
~g_Delta++ 1744.56 -6609.71 221.697
~g_Delta++ 329.357 3370.18 -2950.25
~g_Delta- -496.953 -1425.45 -5045.77
~g_Delta++ -368.007 -1220.54 -5536.51
~g_Delta++ 4252.75 -259.182 9796.37
~g_rho+ -767.257 -1123.41 -2821.31
~g_Delta+ -969.819 1800.3 3540.72
~g_Delta++ -1243.74 -4156.11 -2003.78
~g_Delta+ 4868.25 -571.693 -5326.72
~g_Delta++ 2095.01 3049.91 10002.9
~g_Delta++ 1713.23 -1273.81 6887.19
~g_Delta++ 3213.72 -3578.41 5074.89
~g_Delta+ 273.876 2026.4 2876.32
~g_Delta++ -217.098 -881.822 -7808.48
~g_Delta- 1076.7 -2094.5 -5091.45
~g_rho+ 827.843 756.56 2987.36
~g_K*- 1359.53 641.043 4213.2
~g_Delta++ 50.0384 6983 6191.63
~g_Delta++ -1537.18 -4871.62 -10763.6
~g_Delta++ 1546.46 -4594.83 -7400.94
~g_Delta+ 1683.77 -1516.24 -9994.94
~g_Delta- 674.051 -129.901 -11503.2
~g_Delta++ 4310.06 -4956.14 -3315.75
~g_Delta++ -3480.73 -3758.05 739.537
~g_rho- 1371.02 -1763.19 -8.12993
~g_Delta+ -2389.22 6043.45 5048.57
~g_Delta++ -2594.59 -353.508 1075.43
~g_Delta- 5793.48 2627.11 9848.7
~g_Delta++ -2042.55 -152.521 -1377.13
~g_Delta++ -418.695 1464.68 -6043.72
~g_Delta++ 134.787 712.688 -5378.46
~g_Delta++ -1894.24 2354.18 3562.62
~g_Delta++ -1585.18 -934.693 881.889
~g_Delta++ 1126.35 -1869.89 -158.021
~g_Delta+ -2533.54 1018.33 -1050.48
~g_Delta++ 6353.23 -2673.7 -1114.27
~g_Delta- -2054.63 5123.6 1015.77
~g_Delta++ 3053.54 1681.91 9937.39
~g_Delta+ -1680.21 5324.09 -1009.98
~g_Delta++ 602.421 762.532 8368.47
~g_Delta- 1921.32 6803.06 -2956.84
~g_Delta- 1232.73 1132.19 6936.08
~g_Delta+ 1176.83 -1243.44 2144.44
~g_rho+ 2098.84 169.936 -1484.77
~g_Delta- -5048.8 2818.47 -4564.08
~g_Delta+ -4759.65 2226.5 1186.62
~g_Delta++ -4728.85 -2660.41 4604.16
~g_Delta++ -766.783 -1922.35 961.939
~g_Delta- 4684.41 5053.82 3762.27
~g_Delta++ -1965.86 -1666.44 4006.22
~g_Delta++ -1672.9 -3083.04 -9035.46
~g_Delta++ -1855.52 612.1 1204.19
~g_Delta++ -1654.49 1638.67 2686.61
~g_Delta++ -5122.83 -2981.78 -2495.47
~g_rho- -171.281 -1785.59 1009.73
~g_Delta++ -1036.61 790.076 765.472
~g_Delta++ 871.266 1948.95 273.339
~g_Delta++ 2714.41 -4031.44 2192.97
~g_Delta- -29.4377 1633.45 -2444.72
~g_K*- -875.909 1498.27 1673.61
~g_Delta++ 2168.9 -1180.57 -2944.94
~g_Delta++ 5651.29 1078.35 764.895
~g_Delta++ 2795.96 3929.68 -754.589
~g_Delta++ 6677.08 2152.1 3010.29
~g_Delta+ -427.225 1478 894.252
~g_Delta+ -1350.44 239.396 12237.5
~g_Delta++ -6058.33 1469.16 2644.78
~g_Delta- 1588.54 -5688.28 -1142.67
~g_Delta- -2829.89 5115.12 1806.14
~g_Delta- -545.103 -2119.34 2200.07
~g_Delta+ -1966.34 -1334.52 3592.72
~g_Delta++ -506.697 -2894.35 -8655.99
~g_Delta- 5656.21 3215.84 7363.53
~g_Delta++ -1678.1 -1688.36 -2401.22
~g_Delta++ -2639.07 -1060.28 701.656
~g_Delta++ -1699.48 -4423.4 37.5992
~g_Delta+ 2226.21 -810.815 -519.487
~g_Delta++ 5533.64 -980.534 7724.6
~g_Delta++ 2421.9 -765.661 2659.05
~g_Delta++ -5038.57 3041.12 7577.06
~g_Delta- -1209.85 3568.61 -521.726
~g_Delta++ 3689.48 -5147.53 -8622.87
~g_Delta++ -2202.87 -562.497 1307.03
~g_Delta+ 1264.67 565.715 1550.96
~g_Delta+ 2261.23 130.821 -1879.84
~g_Delta++ 5135.46 2902.88 640.299
~g_Delta- -1259.9 -2348.61 2170.26
~g_Delta+ -1102.94 -537.87 -10311.7
~g_Delta+ -5595.45 1192.84 796.505
~g_Delta++ 196.713 2847.43 -1159.59
~g_Delta- -225.614 1949.12 605.014
~g_Delta+ -2010.32 3479.67 -473.943
~g_Delta++ 1599.2 -1426.43 749.466
~g_Delta++ -538.845 3923.36 507.426
~g_Delta++ 1679.64 -66.667 1040.27
~g_Delta++ -6.36843 2278.35 745.758
~g_Delta++ 5973.5 3020.77 6339.19
~g_rho+ -504.333 1205.31 1910.7
~g_Delta++ 1150.68 -6877.22 -6466.36
~g_Delta+ 5067.42 -4363.12 3857.36
~g_Delta+ -5725.07 -3708.59 1070.19
~g_Delta+ -664.79 -1730 1846.14
~g_Delta++ -1416.99 -2359.24 -946.246
~g_Delta+ -2083.16 -1827.46 1097.16
~g_Delta++ -2672.56 1407.57 5899.2
~g_Delta- 1451.34 -6832.23 6227.13
~g_rho- 711.508 -711.878 -3014.49
~g_Delta+ 4504.16 4860.52 -6205.29
~g_Delta- -4714.9 1439 6725.63
~g_Delta++ -1570.51 -959.073 -1316.77
~g_rho+ -1798.45 7.33055 -249.574
~g_Delta+ -988.514 -353.375 -9308.69
~g_Delta++ 2145.92 -2681.92 -381.465
~g_Delta+ 5019.48 3129.12 -5554.78
~g_Delta++ -1856.05 1632.36 -409.925
~g_Delta++ 2891.1 -5049.73 4533.48
~g_Delta++ -5467.69 1545.72 7660.69
~g_Delta++ -2075.79 -1697.21 -2552.13
~g_Delta- 648.994 -5400.52 -402.305
~g_Delta++ 2404.81 23.5051 7815.72
~g_Delta++ -1466.44 -1537.32 -1274.5
~g_Delta++ -1610.34 2656.62 8923.19
~g_Delta++ -1685.29 726.481 -4413.21
~g_Delta++ 91.4167 2115.51 -538.503
~g_Delta- -4600.07 -1421.84 4620.12
~g_Delta++ 1231.19 -1990.63 1701.44
~g_Delta++ 3448.6 -5598.97 1719.8
~g_Delta++ -73.213 6416.17 3819.38
~g_Delta+ -1618.44 1559.19 -3072.04
~g_Delta- 1656.79 364.606 9755.48
~g_Delta++ 3559.81 -4607.82 490.131
~g_Delta- 157.075 2110.37 3121.45
~g_Delta++ -5897.51 1439.49 2123.64
~g_Delta- 628.32 1285.07 -3215.49
~g_Delta+ -2247.16 2497.46 4945.41
~g_Delta+ 1830.33 -2159.83 -3106.79
~g_Delta++ -2100.74 -1016.63 7623.7
~g_Delta++ 1461.82 -4125.35 -1239.39
~g_Delta- -1675.54 999.674 -1728.5
~g_Delta++ -6592.31 2564.57 -982.028
~g_Delta++ -4848.14 2981.87 -9796.41
~g_Delta++ 67.6771 1158.75 3270.25
~g_Delta++ -1013.11 1359.29 6804.96
~g_Delta++ 1420.29 -4559.46 505.66
~g_Delta- 1817.4 4129.23 2514.61
~g_Delta++ -2975.53 395.835 -157.8
~g_Delta++ 2781.37 -4297.34 9888.68
~g_Delta++ -1394.06 7.98839 -8.79569
~g_Delta- 6580.58 -2438.19 -8995.83
~g_Delta++ 3415.2 242.898 3533.36
~g_Delta++ -1828.24 -1157.54 320.335
~g_Delta++ 2986.75 226.239 -3565.1
~g_Delta++ -4747.46 -325.841 -3380.52
~g_Delta++ -2358.28 -3318.03 -18.2801
~g_Delta++ 311.068 2143.12 -1452.77
~g_Delta- 204.902 2236.55 -2165.35
~g_Delta++ 982.185 -80.029 -4702.28
~g_Delta++ -462.543 -2347.24 -1862.96
~g_Delta+ 207.217 1888.33 -4403.92
~g_Delta- 1380.02 292.463 749.794
~g_Delta++ 4883.82 -2672.55 -2848.32
~g_Delta++ -2096.17 1563.54 -1377.19
~g_Delta++ -2180.98 -1568.9 1040.3
~g_Delta- -80.6051 -1361.71 -1844.59
~g_Delta- -2228.44 2340.31 401.079
~g_Delta++ -353.314 2989.92 -2872.05
~g_Delta++ -1961.05 -660.886 -6891.73
~g_Delta++ 3769.07 3055.83 2919.4
~g_Delta++ 3911.35 2871.5 1176.12
~g_Delta++ -95.3994 2358.84 -5279.51
~g_Delta+ 1885.06 1148.5 1541.44
~g_Delta- -100.231 -2504.5 3320.04
~g_Delta++ 5616.43 1232.15 7306.92
~g_Delta- 1091.42 2503.89 2267.21
~g_Delta++ 1365.83 2882.23 -2800.38
~g_Delta- -312.864 1849.45 -5151.76
~g_Delta+ -189.349 -1456.05 528.062
~g_Delta- -711.864 -1291.71 -357.058
~g_Delta- 1917.12 1439.87 -1135.24
~g_Delta++ -3907 259.746 7383.41
~g_Delta++ 3676.76 -3069.58 -3151.74
~g_Delta+ -1180.38 1811.13 -557.642
~g_Delta- -2081.24 -1220.92 852.724
~g_Delta- 2631.33 -2669.28 2089.53
~g_Delta++ 6535.89 -1826.4 1941.37
~g_Delta- 2163.37 -30.2346 -1515.92
~g_Delta+ 522.821 5651.12 -275.121
~g_Delta- -718.465 -1421.67 -4013.16
~g_Delta++ -4008.99 204.902 765.824
~g_Delta- -536.622 2083.99 1068.02
~g_Delta++ -561.272 -1232.37 -4784.78
~g_Delta++ 1735.29 1378.79 120.751
~g_Delta+ 2075.51 1136.59 -440.599
~g_Delta- 3073.27 -5057.14 -3138.57
~g_Delta++ 2337.19 -3672.99 -5794.67
~g_Delta++ 6023.56 -3393.5 -6565.31
~g_Delta++ -1707.21 404.665 -95.9725
~g_Delta++ -3519.44 -1881.16 710.957
~g_Delta+ 1978.59 -4509.36 -401.437
~g_Delta+ 155.789 1366.55 31.7739
~g_Delta- -471.246 1828.78 70.7945
~g_Delta++ -1618.78 3381.46 976.456
~g_Delta+ -5594.92 -236.283 2076.87
~g_Delta++ -3164.25 -3005.87 -1131.69
~g_Delta+ 6865.66 -2044.21 -5487.24
~g_Delta+ 2409.61 -115.931 4834.19
~g_Delta- -5617.99 3544.42 221.449
~g_Delta++ -731.743 2242.27 -367.362
~g_Delta- 910.977 -5473.07 -5603.1
~g_Delta++ -188.217 1801.68 2705.12
~g_K*- 484.078 -1729.21 -1594.67
~g_Delta+ -1576.49 -3405.92 5096.97
~g_Delta++ 1633.44 3371.89 -8989.32
~g_Delta+ 1118.33 1373.42 5622.98
~g_Delta- -1573.79 1113.67 -577.686
~g_Delta++ 2492.8 2258.67 1036.38
~g_Delta- 4197.79 -4093.46 4483.54
~g_Delta++ 3141.78 4397.33 -1768.2
~g_Delta++ -6581.93 88.0909 -621.222
~g_Delta+ 1544.03 -2334.29 -1039.51
~g_Delta++ -2666.9 -5854.34 9145.99
~g_Delta++ 489.001 -1589.42 1577.65
~g_Delta++ 5398.59 4466.96 5951.17
~g_Delta- -2261.89 -2637.06 2586.54
~g_Delta++ 1796.91 -5464.22 1686.19
~g_Delta+ 6972.91 -1203.4 -863.845
~g_Delta+ -1227.99 -563.513 697.165
~g_Delta- -4386.28 -3177.44 114.27
~g_Delta++ -1766.87 809.239 -1602.7
~g_Delta- -144.72 1976.69 -6596.69
~g_Delta+ 1081.48 -2070.62 3326.84
~g_Delta++ -4541.41 -2875.53 1835.34
~g_Delta- -1596.58 1871.88 -3002.98
~g_Delta++ 13.6243 -1373.98 372.98
~g_Delta- 1585.63 801.764 -7297.17
~g_Delta++ 1172.05 2106.8 -2716.85
~g_Delta+ -1304.29 -2095.82 -288.766
~g_Delta- -1510.24 -1329.77 4257.9
~g_Delta- 1347.63 -6049.12 10723.7
~g_Delta++ 1243.65 -1766.68 1862.46
~g_Delta- -1646.31 -1513.2 1137.29
~g_Delta++ -1836.08 -1574.23 1313.76
~g_rho- -371.8 867.321 344.934
~g_Delta++ -458.313 -1324.86 7495.31
~g_Delta- -2995.65 1751.61 758.86
~g_Delta- -271.935 -3438.68 -213.773
~g_Delta++ -4147.08 -4563.11 6091.46
~g_Delta++ -3297.59 -4668.3 1780.53
~g_Delta++ 467.217 -2947.95 -2373.4
~g_Delta+ 4185.84 3838.26 -137.647
~g_Delta- -428.531 -2203.66 -713.953
~g_Delta++ -5372.54 4083.54 6546.06
~g_Delta++ 2247.21 2325.37 3699
~g_Delta++ 187.011 -529.886 -4976.94
~g_Delta- 1709.04 -871.102 254.876
~g_Delta++ 705.224 -2107.19 -1406.79
~g_rho+ -5.18103 -29.236 37.1899
~g_Delta- 429.997 2790.15 -1557.33
~g_Delta+ -4175.35 -2440.45 -5205.94
~g_Delta- -1685.96 2083.78 1635.47
~g_Delta+ -823.973 904.568 3323.87
~g_rho+ -875.339 -810.718 985.141
~g_K*- -182.065 -157.703 -228.933
~g_Delta++ -777.164 289.098 6889.77
~g_Delta++ 1829.89 1304.91 -1287.72
~g_Delta+ 3475.76 -5630.25 2455.96
~g_Delta++ 3101.24 913.272 239.216
~g_Delta++ -120.391 -1304.46 -4348.06
~g_Delta++ 2949.28 -704.431 -4062.37
~g_Delta++ 1695.86 -1970.25 -859.928
~g_Delta++ -1088.6 -636.894 -1465.58
~g_rho+ -521.602 -354.942 48.9557
~g_Delta++ -89.6401 1543.81 4972.7
~g_Delta++ -5363.89 100.836 -3073.47
~g_Delta- 6291.18 2515.16 -840.989
~g_Delta- 1905.67 -4013.1 -3283.13
~g_Delta++ -1865.43 -3801.78 7582.22
~g_Delta++ 2641.18 363.402 -1729.5
~g_Delta- -2363.98 -915.525 -1280.75
~g_Delta- 476.135 -2242.34 3257.36
~g_Delta- -893.604 982.634 6328.35
~g_Delta+ -128.556 -1484.98 -5523.02
~g_Delta+ 134.081 -2297.61 -3161.19
~g_Delta- -4795.99 -1374.87 -1060.09
~g_Delta- -856.219 -1595.12 1169.64
~g_Delta- 2032.44 -2466.8 -10595.9
~g_Delta+ -1501.28 -5331.34 -180.748
~g_Delta++ 4801.85 2906.96 -4693.75
~g_Delta++ -2419.54 -484.467 371.908
~g_Delta++ 4146.68 3184.59 -7376.29
~g_Delta- 2340.58 342.738 3190.67
~g_Delta- -2089.76 -738.147 -3815.11
~g_Delta- 1510.84 1569.4 -373.217
~g_Delta++ -3925.25 2464.53 -7414.13
~g_Delta- 397.985 1701.87 5097.23
~g_Delta++ -2031.41 -5406.37 2250.39
~g_Delta++ 5.03557 -3013.01 966.65
~g_Delta++ 4888.53 -1129.41 5203.14
~g_Delta- 2489.05 -918.459 -7297
~g_Delta- 2948.82 -1822.48 -8877.69
~g_Delta++ -6403.08 -2793.45 -5634.08
~g_Delta++ 3012.92 -1498.35 8777.53
~g_Delta++ -1009.31 2160.51 -1638.1
~g_Delta++ -72.7059 -6642.75 -2875.15
~g_Delta- -1098.24 -807.302 -2588.62
~g_Delta+ -5671.71 761.613 -4175.13
~g_Delta++ 343.825 3865.13 -7544.83
~g_Delta++ 113.483 1499 -4521.24
~g_Delta- -4719.66 2961.84 -4597.41
~g_Delta++ 820.167 -6537.08 -4864.05
~g_Delta+ 2327.13 -217.151 -2903.77
~g_Delta+ 59.4268 -2990.21 -2440.91
~g_Delta++ -6527.75 -2456.57 -4463.8
~g_Delta+ 2507.04 -82.991 1327.33
~g_Delta++ -3777.38 2945.44 615.711
~g_Delta++ 1221.43 2337.54 -1540.93
~g_Delta+ -1612.8 -1900.5 3257.6
~g_Delta- 6269.26 -1821.91 1923.73
~g_Delta++ -3587.87 -1399.55 7484.64
~g_Delta++ 864.219 2543 271.758
~g_Delta++ -1914.13 -767.634 -1315.13
~g_Delta++ 985.557 562.539 -8336.87
~g_Delta- -333.68 54.2387 12626.5
~g_Delta++ 4044.56 3770.4 1714.07
~g_Delta++ 2276.98 2605.45 -3957.81
~g_Delta++ 1690.68 152.094 25.9339
~g_Delta- 1715.36 6845.8 -1856.19
~g_Delta++ -1821.13 -392.306 1955.33
~g_Delta+ 1273.09 -1220.01 -4092.8
~g_Delta- 743.225 -1601.85 5499.85
~g_Delta- -776.957 657.581 9195.53
~g_Delta- 4821.81 -1214.18 2356.14
~g_Delta++ 1368.13 975.156 128.466
~g_Delta++ 1211 27.4226 4235.4
~g_Delta++ 891.64 -765.483 -5699.24
~g_Delta+ -2751.74 -500.553 3891.85
~g_rho- 215.427 1439.76 -66.7562
~g_Delta+ -3717.08 -2863.33 6445.01
~g_Delta++ 2213.41 -618.888 -3046.26
~g_Delta++ 2360.4 -6328.38 -3414.22
~g_Delta- -1954.78 5718.08 -2361.49
~g_Delta++ 6419.87 1178.03 1938.22
~g_Delta- 931.308 1142.18 -2157.72
~g_Delta- -1677.05 2473.17 -1275.37
~g_rho+ -613.096 1338.57 -1335.95
~g_Delta++ -6690.92 872.176 2615.01
~g_Delta++ -5412.43 -52.0574 -1726.08
~g_Delta- 195.316 2810.92 -2285.91
~g_Delta- 455.423 1929.86 4159.81
~g_Delta+ 1236.99 -1710.42 -153.82
~g_Delta++ -605.278 2402.49 -452.481
~g_Delta++ -1981.27 4433.81 5152.29
~g_Delta++ -2264.25 1362.5 -4008.54
~g_Delta++ 2243.92 -149.976 -5609.73
~g_Delta++ 6662.89 1980.54 5174.15
~g_Delta++ -2260.31 1390.38 1573.92
~g_Delta+ 1211.25 -2539.78 -10.7503
~g_rho- 1273.04 711.603 3600.81
~g_K*- 70.8177 -76.0175 31.2345
~g_Delta++ 27.7819 4894.09 23.7425
~g_Delta- -6654.81 -1068.92 -6428.01
~g_Delta++ -1126.9 1172.3 2693.36
~g_Delta+ -137.019 1857.55 -304.849
~g_Delta+ -127.263 1260.68 3340.63
~g_Delta- 224.711 721.827 -5851.23
~g_Delta++ -713.639 2614.71 -2562.63
~g_Delta++ 4067.79 -5154.52 -80.1508
~g_Delta++ 1426.39 4628.38 138.676
~g_Delta++ 3097.68 2186.97 1415.39
~g_Delta++ -552.385 -230.566 3241.68
~g_Delta++ -552.288 466.603 4635.5
~g_Delta++ -741.566 -4837.99 442.65
~g_Delta++ -1871.62 802.901 3008.83
~g_Delta- 1114.36 1546.58 -4196.83
~g_Delta++ -442.466 -2567.8 2562.02
~g_Delta++ -949.735 -3195.14 5518.21
~g_Delta- 1846.77 -2441.56 6499.19
~g_Delta++ 593.987 -2031.21 -2010.79
~g_Delta- 4346.36 -1703.31 2838.78
~g_Delta++ 2350.84 -1132.63 -1147.26
~g_Delta++ 1259.26 -2502.84 -68.7287
~g_Delta++ 5551.79 3306.67 755.244
~g_Delta++ -3632.82 3122.49 3445.99
~g_Delta+ -2993.52 -3747.09 -1901.63
~g_Delta- 3041.83 4887.91 -6275.2
~g_Delta++ 4274.25 2175.4 1736.72
~g_Delta- -2308.68 -6256.43 -8888.77
~g_Delta- -2868.47 -5785.42 -9106.57
~g_Delta- 2785.93 2720.48 8869.99
~g_Delta+ -2158.23 3327.79 84.2388
~g_Delta++ 1148.67 4854.92 3338.62
~g_Delta++ 2132.8 1199.22 -1598.94
~g_Delta- 1693.05 2551.94 -7639.92
~g_Delta- 2355.15 104.653 -2402.79
~g_Delta- -2601.67 -1153.6 -276.768
~g_Delta+ 1972.4 -5184.65 -3352.61
~g_Delta+ -2035.66 43.1839 -1056.99
~g_Delta- -622.542 248.032 5175.95
~g_Delta++ -2647.69 -3582.26 -8350.23
~g_Delta++ 6833.04 -778.443 6167.4
~g_Delta- -2649.66 -6381.97 868.753
~g_Delta+ 2746.68 735.109 1287.63
~g_Delta+ -637.136 -3206.96 2067.31
~g_Delta++ 1523.94 6391.22 -3025.04
~g_Delta- -1075.77 3119.56 2586.76
~g_Delta+ -191.426 -891.716 6903.38
~g_Delta+ 935.689 -1208.97 5321.33
~g_Delta+ 129.675 -3416.91 1802.13
~g_Delta++ -6564.75 -769.311 275.732
~g_Delta- 6763.26 1152.22 -3808.47
~g_Delta- -623.566 -5843.17 -1714.71
~g_Delta++ -1841.45 1184.4 -3931.6
~g_Delta++ 1389.51 140.904 2529.95
~g_Delta+ 1437.34 1489.23 -2920.35
~g_rho+ -388.392 -2306.64 12.9141
~g_Delta++ -731.791 1425.47 1028.61
~g_Delta- 5868.87 -2690.36 -8886.3
~g_Delta++ 6611.52 -3276.56 4949.74
~g_Delta+ -905.787 2454.51 2043.87
~g_Delta++ -1270.03 2970.61 1348.65
~g_Delta++ 142.583 -2980.44 -6361.77
~g_Delta++ -4061.09 -3829.11 -719.103
~g_Delta+ 749.125 2231.48 2622.74
~g_Delta++ -5623.93 562.139 2208.93
~g_Delta++ 3799.51 -4175.59 -1958.44
~g_Delta+ -284.067 -2294 2077.02
~g_Delta++ -1294.03 2206.79 1083.48
~g_Delta+ 1858.79 -933.298 713.937
~g_Delta- -5421.66 3847.96 1480.06
~g_Delta++ -2360.07 -1219.78 666.263
~g_Delta++ 1875.45 -5217.41 -5202.4
~g_Delta- 2833.8 5095.71 -305.973
~g_Delta- 848.342 -1867.55 -191.387
~g_Delta++ -2471.23 -358.913 1400
~g_Delta++ -989.936 1648.35 747.482
~g_Delta+ -556.821 -1667.53 846.679
~g_Delta++ 1846.73 1057.65 1568.84
~g_Delta+ 5921.29 -576.831 1747.6
~g_Delta++ 5729.21 -3373.4 -5457.42
~g_rho- 27.7194 -1339.25 1518.94
~g_Delta++ -2091.43 -2186.32 8524.92
~g_Delta- 3162.51 2036.36 -4747.14
~g_Delta+ 1857.23 -191.235 4844.75
~g_Delta+ 2100.22 -763.955 2095.82
~g_Delta++ 1959.93 -1087.91 -862.479
~g_Delta+ -1600.42 3794.42 -9053.96
~g_Delta+ -1807.49 593.624 -974.769
~g_Delta++ 830.368 1464.32 8675.3
~g_Delta- 3014.16 -1290.67 -1526.94
~g_Delta- -1839.59 5159.3 7776.5
~g_Delta++ -2074.02 -6283.19 -7413.26
~g_Delta++ 2537.24 439.737 -1106.67
~g_K*- -1020.46 -893.249 -1443.61
~g_Delta- -3732.01 -3251.75 6638
~g_Delta- 4079.74 -3634.13 2934.28
~g_Delta++ -1677.55 2182.52 1356.04
~g_rho+ 1131.92 -642.485 923.687
~g_rho+ 1303.14 46.9824 -1067.39
~g_Delta- 1948.5 750.751 4476.63
~g_Delta++ -4945.14 1256.69 7842.66
~g_Delta++ -300.392 -1990.06 -4320.17
~g_Delta- 3448.8 -3821.5 -3119.74
~g_Delta+ -4363.86 -897.097 5214.48
~g_Delta++ -1650.37 6313.28 4697.57
~g_Delta+ 2253.11 -3389.62 9081.88
~g_Delta+ -2588.71 234.313 -903.782
~g_Delta+ -1680.46 -2213.94 211.113
~g_Delta++ 2374.85 809.588 -8588.51
~g_Delta- 467.913 1872.45 210.894
~g_Delta++ -2075.97 -988.324 -2152.79
~g_Delta++ 6889.32 -959.245 5129.59
~g_Delta- -5614.1 3800.19 -1441.86
~g_Delta++ 4640.85 -3557.19 -5993.99
~g_Delta++ 3032.49 5832.52 6183.27
~g_Delta+ 5732.03 2900.18 1203.16
~g_Delta++ 861.837 1802.29 3296.77
~g_Delta++ 2154.89 497.55 -2380.45
~g_Delta++ 4237.89 -4087 -2609.81
~g_Delta++ -2539.62 -4587.07 -1593.34
~g_Delta++ 5916.49 212.527 -6319.36
~g_Delta++ -1572.88 -4649.99 -2284.62
~g_Delta++ 6391.13 -1033.56 4825.64
~g_Delta+ -1006.04 2308.56 -544.197
~g_Delta++ 303.339 -2596.22 -2551.52
~g_Delta++ 1600.82 -5697.2 5215.67
~g_Delta++ 1441.64 3467.52 553.685
~g_Delta++ -710.48 1452.35 -693.539
~g_Delta- -1186.79 -1841.53 5172.98
~g_Delta++ 1472.94 -1432.21 1759.74
~g_Delta++ 5517.11 -311.815 -6505.33
~g_Delta++ 5756.52 149.482 -3943.03
~g_Delta++ 3018.17 -4557.16 -1042.72
~g_Delta++ -39.4723 -2661.83 255.99
~g_Delta- 3604.05 232.04 8141.94
~g_Delta- -3064.58 -1110.38 2316.38
~g_Delta++ -1264.24 -461.934 230.311
~g_Delta+ -1535.05 107.734 -2888.29
~g_Delta++ -2474.38 4279.43 -8975.01
~g_Delta+ 2056.67 2194.92 1023.73
~g_Delta++ -1056.75 1120.09 697.731
~g_Delta+ 2552.51 667.24 -2045.66
~g_Delta++ 1748.25 1878.88 490.711
~g_Delta++ -6365.74 -2647.55 -9779.34
~g_Delta++ 2661.62 -6133.22 -3884.29
~g_Delta- -1379.62 3911.85 -521.369
~g_Delta++ 4067.64 -5245.01 5021.22
~g_Delta- 431.09 -2139.45 3766.07
~g_Delta+ -3252.66 -1190.14 2325.92
~g_Delta+ -21.5997 2579.67 3153.69
~g_Delta++ 918.614 1063.43 -1345.04
~g_Delta- -6408.87 -139.775 -4818.54
~g_Delta+ -1098.35 -1865.27 8620.97
~g_Delta++ 2610.19 -1521.64 -489.661
~g_Delta++ 220.958 -429.811 -12632.1
~g_Delta- 110.331 -5756.06 -6554.48
~g_Delta- 1169.48 -1440.27 3109.27
~g_Delta++ -2563.63 1217.01 891.982
~g_Delta++ -1104.71 -756.838 -1098.75
~g_Delta++ 509.89 -2969.36 3176.08
~g_rho+ -1699.83 627.215 -1293.54
~g_Delta- -378.503 -265.959 4545.52
~g_Delta+ 3005.57 4906.58 -1275.2
~g_Delta++ 472.222 -1804.69 1789.08
~g_Delta++ -737.736 5840.35 4898.85
~g_Delta++ -46.2036 -1905.49 96.9162
~g_Delta- 2806.83 5806.45 3041.13
~g_Delta++ 621.423 6092.81 -8770.22
~g_Delta++ 611.209 26.0694 11778.2
~g_K*+ 146.381 106.214 343.449
~g_Delta+ -1959.11 699.067 -1110.02
~g_Delta- -733.567 -1377.52 -182.183
~g_Delta++ 2635 -372.295 1116.31
~g_Delta++ -3295.08 -4626.84 2478.08
~g_Delta- 2679.11 2468.38 -7750.77
~g_rho+ 128.9 600.648 4544.43
~g_Delta+ -2095.4 1530.14 -369.744
~g_Delta++ -814.62 1238.87 -624.438
~g_Delta- -4815.73 -246.158 -1962.35
~g_Delta++ 399.517 2749.08 -2412.81
~g_Delta++ -1592.85 1618.58 -3992.45
~g_Delta- 1300.72 -1443.16 1061.61
~g_Delta++ -1689.57 -231.851 484.292
~g_Delta+ -1334.36 -1486.67 -4035.85
~g_Delta+ 2948.77 1491.1 -7481.01
~g_Delta+ 565.754 947.242 5128.24
~g_Delta+ -1088.08 872.595 2369.94
~g_Delta+ 871.323 -2021.29 -2615.68
~g_Delta- 438.945 590.896 6200.72
~g_Delta+ 949.462 2388.8 -148.597
~g_Delta+ 2097.06 1563.65 212.008
~g_Delta+ 1445.81 -893.463 -6493.93
~g_Delta++ -5510.13 382.766 9987.83
~g_Delta++ -4589.67 3665.21 4948.87
~g_Delta++ 4424.42 -3739.36 6274.09
~g_Delta++ 63.4286 1846.86 2376.43
~g_Delta+ 2176.88 -136.741 -272.204
~g_Delta++ -4509.37 -2949.42 9809.69
~g_Delta- -2631.31 -1497.59 1636.87
~g_Delta++ -1660.33 -575.952 5098.87
~g_Delta++ 399.483 -1232.19 -6392.77
~g_Delta- 4068.25 -2328.61 6552.2
~g_Delta- -5631.92 -3663.34 2777.68
~g_Delta++ -1376.94 -2637.24 3266.78
~g_Delta++ -997.248 1859.81 2279.93
~g_Delta+ -2162.62 -4389.55 1146.5
~g_Delta++ -1667.2 -1472.82 -2434.74
~g_Delta++ -250.463 -5233.58 8535.38
~g_Delta- 303.74 -2630.12 -790.601
~g_Delta+ -545.23 -2939.11 839.248
~g_Delta++ -4707.66 -0.902635 -4551.84
~g_Delta++ -1359.16 -5805.11 -3350.2
~g_Delta++ -1024.57 -999.258 -389.956
~g_Delta++ 2505.16 222.129 7107.86
~g_Delta+ -1414.69 -1441.95 2948.25
~g_Delta++ -2707.26 -4694.2 -978.574
~g_Delta++ 2456.47 -591.707 6914.97
~g_Delta++ 2342.76 -1555.06 1807.63
~g_Delta+ -2422.29 -884.65 431.07
~g_Delta++ 2643.99 93.3974 2152.27
~g_Delta++ 4418.48 -4109.79 -2648.79
~g_Delta++ 4663.06 -855.857 1102.6
~g_Delta++ 1837.29 -5173.05 5245.49
~g_Delta++ -2360.87 -720.455 -1152.81
~g_rho+ 90.5328 -161.013 -189.609
~g_Delta++ -4490.28 2529.51 -7816.81
~g_Delta++ 4826.7 -206.669 769.778
~g_Delta++ -1435.37 -3478.51 1051.56
~g_Delta- 3092.92 689.037 7353.55
~g_Delta+ 1599.61 -4622.96 -1611.8
~g_Delta++ 4841.77 -2920.75 780.01
~g_Delta++ 4174.41 853.922 -8799.91
~g_Delta+ -1363.56 3578.71 8730.56
~g_Delta++ -800.5 2626.37 -1171.27
~g_Delta++ 2425.84 2293.63 9.93152
~g_Delta- 1218.15 5934.1 -1123.65
~g_Delta- -1723.45 -2477.3 7823.08
~g_Delta- -5380.23 1890.58 -329.196
~g_Delta++ -497.91 -1495.59 5234.45
~g_Delta++ -833.276 -1946.04 6589.51
~g_Delta- -1659.02 -2093.13 -2102
~g_Delta++ -631.576 2004.92 -836.513
~g_Delta+ 2487.08 -5208.47 -6465.82
~g_Delta++ -4785.02 3572.62 3639.13
~g_Delta+ -6553.37 -116.608 7645.46
~g_Delta++ 3075.96 -4944.14 -1979.04
~g_Delta+ -2256.69 -1749.73 4893.53
~g_Delta++ 2181.27 -2331.85 -7756.65
~g_Delta+ 5554.25 -650.917 2537.27
~g_Delta++ -405.52 2796.94 -1515.69
~g_Delta+ -3569.45 3916.14 -2764.85
~g_rho- 1743.23 -1484.59 -137.415
~g_Delta++ 1841.47 3575.8 66.7409
~g_Delta+ -1301.48 534.302 -5486.62
~g_Delta++ -3626.43 5839.81 -102.74
~g_Delta++ -1973.4 -1526.46 1932.49
~g_Delta++ -1932.93 -1288.3 264.057
~g_Delta- 3310.78 -1967.66 3423.44
~g_Delta+ -2141.04 -3207.16 -1370.91
~g_K*+ -647.276 835.675 -1288.46
~g_Delta++ 1486.53 -1204.32 6425.75
~g_Delta- 1132.98 -640.044 -4630.41
~g_Delta++ 1454.5 -393.457 -7084.85
~g_Delta++ 5635.78 750.514 -7367.85
~g_Delta++ -3912.24 -3556.23 9007.21
~g_Delta- 980.512 -3985.46 -818.799
~g_Delta++ 10668.2 3076.31 -2172.81
~g_Delta+ 1811.84 -1197.09 4388.33
~g_Delta- 3374.35 4642.95 -2400.66
~g_Delta- 856.764 -1565.07 4845.44
~g_K*- 1639.22 -756.944 -564.703
~g_rho+ 930.425 -1534.29 297.119
~g_Delta++ 1619.34 6260.16 873.859
~g_Delta+ 60.6265 -1820.84 -868.373
~g_Delta- 5934.34 67.2917 -2474.97
~g_Delta++ 1972.91 -1716.96 -738.4
~g_Delta++ -2871.69 5201.16 3914.62
~g_Delta++ -266.921 3647.79 8976.16
~g_Delta++ -769.552 -1246.46 4175.27
~g_Delta- 311.719 2165.85 3642.03
~g_Delta++ -1735.79 2812.61 1198.4
~g_Delta++ -2073.13 1566.72 -1943.48
~g_Delta+ -57.1001 2377.22 2844.07
~g_Delta+ -4731.29 -1255.04 4835.37
~g_Delta- -852.494 530.248 5329.46
~g_Delta++ -1425.31 266.213 780.478
~g_Delta++ -3283.48 -652.635 -1017.44
~g_Delta++ -5704.21 -2029.2 -1993.3
~g_Delta- -5631.09 2826.03 2479.77
~g_Delta++ 951.244 1642.7 6956.24
~g_Delta++ -896.22 1940.26 3876.99
~g_Delta++ -12.0387 1388.11 -4695.44
~g_Delta- 2244.24 -1005.04 2427.92
~g_Delta++ -2137.91 714.521 -713.873
~g_Delta+ -462.941 -2045.58 3665.49
~g_Delta++ 658.161 -1983.71 -443.422
~g_Delta++ 1717.96 -739.176 -15.1426
~g_Delta- 3913.16 1122.62 -661.319
~g_Delta- -1133.65 -1672.46 1434.43
~g_Delta- -98.3001 1173.39 4060.29
~g_Delta- 1853.22 66.0597 257.831
~g_Delta++ 1957.21 -399.442 -1158.14
~g_Delta++ -3891.69 4180.37 1661.83
~g_Delta++ 870.235 -1435.06 149.597
~g_Delta+ 720.248 -3724.49 1895.84
~g_Delta++ 1091.29 -1586.15 -95.9745
~g_Delta++ -245.986 1512.13 -11672.9
~g_Delta+ -126.624 1555.64 -7007.14
~g_Delta++ 4558.25 -1458.88 3375.98
~g_Delta- -814.609 -3225.09 -4060.87
~g_Delta++ -314.618 -1561.93 85.2881
~g_Delta++ 5553.04 -366.455 -788.876
~g_Delta++ 4839.78 1232.95 175.905
~g_Delta++ -4049.26 -2311.52 2498.38
~g_Delta++ 2013.65 -6033.29 -6454.38
~g_Delta+ 1393.38 2004 2647.27
~g_Delta++ -1424.03 -2152.88 -720.364
~g_Delta++ 3073.72 5621.35 123.749
~g_Delta++ 250.556 1946.67 1587.32
~g_Delta+ 1084.61 2086.04 4278.72
~g_Delta++ -4372.61 -5907.74 3563.53
~g_Delta++ 291.666 2518.89 -2018
~g_Delta++ -1100.5 -1009.21 6469.58
~g_Delta++ -3580.04 3291.22 -4456.68
~g_Delta++ -5328.4 -4963.68 3900.1
~g_Delta+ 880.354 -6934.07 -524.827
~g_Delta- -4837.96 2598.76 575.974
~g_Delta- 1009.4 -4041.35 -1119.07
~g_Delta+ -2183.49 731.22 7751.25
~g_Delta++ -320.269 1331.39 -1374.05
~g_Delta++ -1349.2 -4771.47 -3900.06
~g_Delta- 1911.03 -5323 -9057.09
~g_Delta+ -674.783 2555.46 3113.86
~g_Delta- 6789.28 1708.34 196.327
~g_Delta- -1531.87 -2294.69 591.122
~g_Delta++ 3003.1 1685.12 1686.95
~g_Delta- 568.968 -2187.58 -6463.06
~g_Delta- -1534.93 5519.61 3363.63
~g_Delta++ -1454.47 -1673.1 -4624.69
~g_Delta++ -5487.23 4367.11 -446.04
~g_Delta- -1667.34 1804.37 3179.22
~g_rho+ 533.568 207.251 -365.287
~g_Delta++ -3682.13 -5399.28 37.642
~g_Delta++ -4542.45 1751.65 -8844.86
~g_Delta++ -468.126 -867.229 9143.8
~g_Delta++ -2852.24 -855.134 604.267
~g_Delta- 1911.9 -1920.81 1462.33
~g_Delta- -2854.67 4118.42 1077.1
~g_Delta++ -2247.28 1676.53 -2359.94
~g_Delta- -872.957 80.4184 4675.21
~g_Delta+ -874.634 1721.58 -794.337
~g_Delta- -919.31 -1902.11 2295.44
~g_Delta++ -471.434 -293.76 -1565.14
~g_Delta+ 1225.35 -2255.12 4673.67
~g_K*+ -676.452 809.547 3252.13
~g_Delta- -1932.17 -1921.07 642.918
~g_Delta++ 3011.8 -32.0909 -345.2
~g_rho+ 2244.25 -63.3926 32.6656
~g_Delta++ 3190.09 -329.226 -536.899
~g_Delta++ 1310.85 1737.49 -3078.73
~g_Delta++ -2112.76 512.28 -5095.6
~g_Delta++ -1944.9 -803.873 2325.66
~g_Delta++ 172 -2596.21 -9538.45
~g_Delta++ -2772.31 241.627 1431.99
~g_Delta- -405.088 1530.19 -1712.34
~g_Delta++ -1888.08 -1475.52 -519.596
~g_Delta++ 4477.79 -1918.78 -5593.22
~g_rho+ -1323.63 -592.492 177.411
~g_rho+ 119.423 635.342 288.823
~g_Delta++ -357.923 -1810.22 -1460.58
~g_Delta- -941.239 1207.66 -11866.4
~g_Delta++ 3566.49 77.3846 8733.29
~g_Delta+ 1096.91 6565.96 5839.4
~g_Delta++ -763.952 6229.39 -5440.22
~g_Delta++ -5509.1 -285.742 -2217.75
~g_Delta+ 158.666 -2293.7 2097.27
~g_Delta+ -1322.19 -5370.98 3150.63
~g_Delta++ -1739.17 -2134.96 3541.56
~g_Delta+ -116.87 1414.8 -4787.74
~g_Delta++ 4657.25 -4873.49 2672.6
~g_Delta++ -1067.24 -2126.99 -1936.26
~g_rho- -1285.05 -1168.33 556.582
~g_Delta+ 3249.4 -739.532 750.206
~g_Delta++ -1835.63 2790.24 -1827.72
~g_Delta- -1649.91 -5360.77 1028.31
~g_Delta++ 572.777 2747.18 2612.26
~g_rho+ 1324.3 219.61 -2490.54
~g_Delta+ -1186.23 -576.146 -841.575
~g_Delta+ -625.706 795.607 5607.13
~g_Delta++ -355.783 1488.7 8744.43
~g_Delta++ 2764.8 3925.43 -7582.29
~g_Delta++ 2928.53 1822.38 -4136.02
~g_Delta+ -797.811 -735.806 -5493.29
~g_Delta++ -5188.02 4948.98 -3855.42
~g_Delta- 4655.57 -2936.47 9789.71
~g_Delta++ -4602.19 5028.99 2585.29
~g_Delta++ 740.419 -1576.38 209.764
~g_Delta+ 2509.53 2185.33 -8903.35
~g_Delta- -293.613 -632.778 -4433.04
~g_Delta+ -320.793 253.783 3147.9
~g_Delta++ -1688.3 -5362.87 -7422.9
~g_rho+ 21.7863 408.528 788.696
~g_Delta- -5645.73 949.941 1555.83
~g_Delta- 1893.36 -2679.02 3484.81
~g_Delta+ 2679.48 -4870.58 1668.29
~g_Delta++ -62.1543 -1433.77 -1321.5
~g_Delta++ -2543.9 -4838.37 2696.09
~g_rho- -185.441 -332.188 -788.351
~g_Delta+ 29.0644 -570.467 -5045.16
~g_Delta++ -1453.1 2654.03 5209.15
~g_Delta++ -1843.33 6925.13 7775.92
~g_Delta++ -4996.16 3090.72 9975.91
~g_Delta+ -2434.4 4035.9 3438.13
~g_Delta- -6659.55 -2394.75 -3061.05
~g_Delta+ -1462.99 -883.046 -2619.7
~g_Delta- 3331.41 -139.783 -3057.04
~g_Delta++ -2316.88 -1272.6 -181.707
~g_Delta+ -383.96 6512.81 2258.48
~g_Delta++ 2853.12 -186.451 1314.92
~g_Delta+ -3400.31 1551.42 -8729.41
~g_rho+ -694.915 325.862 3271.25
~g_Delta++ 227.438 -5969.66 -3338.56
~g_Delta- 5390 2646.31 8909.79
~g_Delta+ 1910.15 -2322.6 -255.654
~g_Delta+ -790.317 -2440.14 -807.859
~g_Delta++ -5183.05 -2527.6 -1603.63
~g_Delta+ 469.203 -2070.91 -1645.27
~g_Delta- -2530.22 -4533.45 -9962.21
~g_Delta++ 1857.54 -338.177 1653.88
~g_Delta++ 1983.98 -517.012 -205.002
~g_Delta+ -2020.71 5600.58 -255.492
~g_Delta- -826.351 4894.94 -3770.14
~g_Delta- 1655.53 -2515.35 6112.78
~g_Delta+ 1942.53 2987.43 9076.38
~g_rho- 279.582 -931.806 -3265.84
~g_Delta+ 1247.04 -1086.39 -9915.3
~g_Delta- -694.447 -3815.72 -100.938
~g_Delta++ -339.714 3028.55 3749.15
~g_Delta+ 1339.15 -786.943 5182.08
~g_Delta+ -149.687 1008.66 -7417.14
~g_Delta++ 3763.61 3216.82 5593.71
~g_Delta++ 2160.71 -19.8416 -4251.82
~g_Delta++ -4360.77 -3183.41 542.411
~g_Delta- -6752.87 1966.48 6269.22
~g_rho- 235.938 -31.985 75.9177
~g_Delta+ 1535.88 1271.49 -73.2209
~g_Delta++ -2147.97 -118.52 -7192.99
~g_Delta+ -337.709 -603.051 11843.6
~g_rho+ 325.882 33.7249 257.83
~g_Delta++ -1311.48 531.209 4330.91
~g_Delta- 132.009 -420.223 -1149.76
~g_Delta++ 2079 837.723 642.488
~g_Delta++ -3003.34 2411.77 8908.51
~g_Delta++ -3726.09 -4117.17 -3162.46
~g_Delta++ -1887.59 -2853.56 3905.65
~g_Delta- 606.952 2544.52 -2065.86
~g_Delta+ 3141.02 775.939 5791.6
~g_Delta- 4754.95 3051.68 3268.24
~g_Delta- -5749.07 -3807.51 -2560.66
~g_Delta++ 629.2 6284.57 8642.97
~g_Delta++ -1578.91 2252.54 -2628.03
~g_Delta++ 2026.47 2241.6 315.558
~g_Delta++ -6656.83 583.667 1509.68
~g_Delta++ 2636.11 -419.868 1313.87
~g_K*+ 922.587 -715.093 1298.86
~g_Delta++ 333.939 -646.321 6264.16
~g_K*+ -1323.79 1296.93 -374.241
~g_Delta++ -1525.7 -1114.08 -1109.85
~g_Delta+ 2392.61 896.622 -244.226
~g_Delta- 847.558 -424.44 -4390.53
~g_Delta++ -1173.33 332.093 3224.58
~g_Delta++ -4293.53 3568.24 4100.91
~g_Delta++ -4886.7 -224.078 894.87
~g_Delta++ 2115.71 -2149.68 2246.5
~g_Delta++ -542.455 5781.44 2544.48
~g_Delta++ 1981.51 1570.36 -2246.54
~g_Delta+ 1493.13 2238.35 907.631
~g_Delta+ -1000.08 -5604.73 2698.79
~g_Delta- -270.64 5977.81 8549.26
~g_Delta- -1636.63 13.004 -486.84
~g_Delta+ -1716.48 1464.49 2043.21
~g_Delta++ 501.218 1492.22 -6467.44
~g_Delta- 1763.01 -770.631 -6969.73
~g_Delta++ 1994.4 -662.059 -6668.81
~g_Delta++ -1337.97 -1182.28 -4372.57
~g_Delta+ -344.349 2213.77 -429.838
~g_rho- 1127.28 668.44 -684.329
~g_Delta+ -1187.64 -4762.93 -411.955
~g_Delta- 5396.42 -2277.67 5089.86
~g_Delta+ -729.301 3811.52 7633.21
~g_Delta- 1043.43 26.8104 4451.08
~g_Delta+ 4049.87 -3801.84 607.929
~g_Delta- -1650.35 1236.03 2363.34
~g_Delta++ 1469.16 -5546.07 5482.99
~g_Delta- -1496.57 1477.86 -3175.26
~g_Delta+ -1027.22 1596.86 -1632.53
~g_Delta++ -6708.6 -1254.66 5551.66
~g_Delta- 2831.36 4943.3 -4355.73
~g_Delta++ -154.902 -5602.01 -863.947
~g_Delta++ -6026.16 -2817.19 -3397.99
~g_Delta+ 548.414 -2402.64 1740.42
~g_Delta++ -3578.93 1234.63 9807
~g_Delta- 1326.82 -152.718 -1099.03
~g_Delta+ 81.4196 -1347.91 6445.53
~g_Delta+ 5408.43 209.62 -6162.96
~g_Delta++ -6169.77 -3987.4 325.691
~g_Delta++ -6379.42 -2660.89 893.351
~g_Delta+ -1045.89 -436.2 -6571.45
~g_rho- -1028.31 -864.309 -850.823
