# list of fills with filling scheme used

1044	Single_3b_2_2_2	        133320,133321,133324,133336
1045	Single_3b_2_2_2		133446,133448,133450,133463
1046	Single_3b_2_2_2		133472,133474
1047	Single_3b_2_2_2		133483
1049	Single_3b_2_2_2		133509
1058	Single_3b_2_2_2		133874,133875,133876,133877,133881,133885
1059	Single_3b_2_2_2		133927,133928
1089				135149
1090	?			135175
1101	?			135445
1104	?			135521,135523,135525,135528,135534,135535,135537,135538
1107	?			135573,135575
1112	?			135735
1117	Single_6b_3_3_3		136033,136035
1118	Single_6b_3_3_3		136066
1119	Single13b_8_8_8		136080,136082
1121	Single13b_8_8_8		136087,136088
1122	Single13b_8_8_8		136097,136098,136100,136119
1128	?			136290,136294,136297
1134	?			137027,137028
1179	Single_3b_2_2_2		138560,138562,138563,138564,138570,138571,138572
1180	Single_3b_2_2_2		0
1182	Single_3b_2_2_2		138737,138738,138739,138742,138744,138746,138747,138749,138750,138751
1185	Single_3b_2_2_2		138919,138920,138921,138923,138924,138937,138939
1186	Single_3b_2_2_2		139020
1188	Single_3b_2_2_2		139096,139098,139100,139102,139103
1190	Single7b_4_4_4		139195
1192	Single7b_4_4_4		139239
1196	Single7b_4_4_4		139347
1197	Single7b_4_4_4		139356,139360,139362,139363,139364,139365,139368,139370,139372,139375
1198	Single7b_4_4_4		139399,139400,139407,139411
1199	Single_10b_4_2_4	139455,139457,139458,139459
1207	Single_10b_4_2_4	139979,139780,139781,139782,139783,139784,139786,139788,139789,139790
1222	Single_9b_6_6_6		139965,139966,139967,139968,139969,139971,139972,139973,139974,139975,139976,139978,139980
1224    Single_12b_8_8_8	140058,140059,140070,140076
1225    Single_12b_8_8_8	140116,140119,140123,140124,140126
1226	Single_13b_8_8_8	140158,140159,140160,140180,140181,140182
1229	?			140331
1232	?			140352,140359,140361,140362
1233	?			140379,140381,140382,140383,140385,140386,140387,140388,140399,140401
1250	Single13b_8_8_8		141865,141874,141876,141880,141881,141882
1251	Multi_25b_16_16_16	141956,141957,141958,141959,141960,141961
1253	Multi_25b_16_16_16	142035,142036,142038,142039,142040
1256	Multi_25b_16_16_16	142076
1257	Multi_25b_16_16_16	142128,142129,142130,142132,142135,142136,142137
1258	Multi_25b_16_16_16	142187,142188,142189,142191
1260	Multi_25b_16_16_16	142264,142265
1262	Multi_25b_16_16_16	142303,142304,142305,142308,142309,142311,142312,142313,142315,142317,142318,142319
1263	Multi_25b_16_16_16	142413,142414,142415,142417,142418,142419,142420,142422
