Single_3b_2_2_2
1,895,1786
1,892,1786

Single_6b_3_3_3
1,201,401,1786,1986,2186
1,201,401,892,1091,1291

Single_7b_4_4_4
1,101,401,895,995,1786,1886
1,101,501,892,992,1786,1886

Single_9b_6_6_6
1,201,401,895,1095,1295,1786,1986,2186
1,201,401,892,1092,1292,1786,1986,2186

Single_10b_4_2_4
1,201,401,601,701,801,2336,2436,2536,2636
1,201,401,601,1442,1542,1592,1642,1692,1742

Single_12b_8_8_8
1,201,401,601,895,1095,1295,1495,1786,1986,2186,2386
1,201,401,601,892,1092,1292,1492,1786,1986,2186,2386

Single_13b_8_8_8
1,101,201,301,601,895,995,1095,1195,1786,1886,1986,2086
1,101,201,301,501,892,992,1092,1192,1786,1886,1986,2086

Single_14b_9_8_8
1,201,401,601,801,1095,1295,1495,1695,1986,2186,2386,2586,2701
1,201,401,601,801,1092,1292,1492,1692,1986,2186,2386,2586,2801

Single_14b_9_8_8_b
1,201,401,601,895,1095,1295,1495,1786,1986,2186,2386,2501,2701
1,201,401,601,892,1092,1292,1492,1786,1986,2186,2386,2601,2701

Multi_25b_16_16_16
1,101,201,301,401,501,601,701,801,895,995,1095,1195,1295,1395,1495,1595,1786,1886,1986,2086,2186,2286,2386,2486
1,101,201,301,401,501,601,701,851,892,992,1092,1192,1292,1392,1492,1592,1786,1886,1986,2086,2186,2286,2386,2486
