136087 1 -0.0000e+00 0
136087 2 -0.0000e+00 0
136087 3 -0.0000e+00 0
136087 4 -0.0000e+00 0
136087 5 -0.0000e+00 0
136087 6 -0.0000e+00 0
136087 7 -0.0000e+00 0
136087 8 -0.0000e+00 0
136087 9 -0.0000e+00 0
136087 10 -0.0000e+00 0
136087 11 -0.0000e+00 0
136087 12 -0.0000e+00 0
136087 13 -0.0000e+00 0
136087 14 -0.0000e+00 0
136087 15 -0.0000e+00 0
136087 16 -0.0000e+00 0
136087 17 -0.0000e+00 0
136087 18 -0.0000e+00 0
136087 19 -0.0000e+00 0
136087 20 -0.0000e+00 0
136087 21 -0.0000e+00 0
136087 22 -0.0000e+00 0
136087 23 -0.0000e+00 0
136087 24 -0.0000e+00 0
136087 25 -0.0000e+00 0
136087 26 -0.0000e+00 0
136087 27 -0.0000e+00 0
136087 28 -0.0000e+00 0
136087 29 -0.0000e+00 0
136087 30 -0.0000e+00 0
136087 31 -0.0000e+00 0
136087 32 -0.0000e+00 0
136087 33 -0.0000e+00 0
136087 34 -0.0000e+00 0
136087 35 -0.0000e+00 0
136087 36 -0.0000e+00 0
136087 37 -0.0000e+00 0
136087 38 -0.0000e+00 0
136087 39 -0.0000e+00 0
136087 40 -0.0000e+00 0
136087 41 -0.0000e+00 0
136087 42 -0.0000e+00 0
136087 43 -0.0000e+00 0
136087 44 -0.0000e+00 0
136087 45 -0.0000e+00 0
136087 46 -0.0000e+00 0
136087 47 -0.0000e+00 0
136087 48 -0.0000e+00 0
136087 49 -0.0000e+00 0
136087 50 -0.0000e+00 0
136087 51 -0.0000e+00 0
136087 52 -0.0000e+00 0
136087 53 -0.0000e+00 0
136087 54 -0.0000e+00 0
136087 55 -0.0000e+00 0
136087 56 -0.0000e+00 0
136087 57 -0.0000e+00 0
136087 58 -0.0000e+00 0
136087 59 -0.0000e+00 0
136087 60 -0.0000e+00 0
136087 61 -0.0000e+00 0
136087 62 -0.0000e+00 0
136087 63 -0.0000e+00 0
136087 64 -0.0000e+00 0
136087 65 -0.0000e+00 0
136087 66 -0.0000e+00 0
136087 67 -0.0000e+00 0
136087 68 -0.0000e+00 0
136087 69 -0.0000e+00 0
136087 70 -0.0000e+00 0
136087 71 -0.0000e+00 0
136087 72 -0.0000e+00 0
136087 73 -0.0000e+00 0
136087 74 -0.0000e+00 0
136087 75 -0.0000e+00 0
136087 76 -0.0000e+00 0
136087 77 -0.0000e+00 0
136087 78 -0.0000e+00 1
136087 79 -0.0000e+00 1
136087 80 -0.0000e+00 1
136087 81 -0.0000e+00 1
136087 82 -0.0000e+00 1
136087 83 -0.0000e+00 1
136087 84 -0.0000e+00 1
136087 85 -0.0000e+00 1
136087 86 -0.0000e+00 1
136087 87 -0.0000e+00 1
136087 88 -0.0000e+00 1
136087 89 -0.0000e+00 1
136087 90 -0.0000e+00 1
136087 91 -0.0000e+00 1
136087 92 -0.0000e+00 1
136087 93 -0.0000e+00 1
136087 94 -0.0000e+00 1
136087 95 -0.0000e+00 1
136087 96 -0.0000e+00 1
136087 97 -0.0000e+00 1
136087 98 -0.0000e+00 1
136087 99 -0.0000e+00 1
136087 100 -0.0000e+00 1
136087 101 -0.0000e+00 1
136087 102 -0.0000e+00 1
136087 103 -0.0000e+00 1
136087 104 -0.0000e+00 1
136087 105 -0.0000e+00 1
136087 106 -0.0000e+00 1
136087 107 -0.0000e+00 1
136087 108 -0.0000e+00 1
136087 109 -0.0000e+00 1
136087 110 -0.0000e+00 1
136087 111 -0.0000e+00 1
136087 112 -0.0000e+00 1
136087 113 -0.0000e+00 1
136087 114 -0.0000e+00 1
136087 115 -0.0000e+00 1
136087 116 -0.0000e+00 1
136087 117 -0.0000e+00 1
136087 118 -0.0000e+00 1
136087 119 -0.0000e+00 1
136087 120 -0.0000e+00 1
136087 121 -0.0000e+00 1
136087 122 -0.0000e+00 1
136087 123 -0.0000e+00 1
136087 124 -0.0000e+00 1
136087 125 -0.0000e+00 1
136087 126 -0.0000e+00 1
136087 127 -0.0000e+00 1
136087 128 -0.0000e+00 1
136087 129 -0.0000e+00 1
136087 130 -0.0000e+00 1
136087 131 -0.0000e+00 1
136087 132 -0.0000e+00 1
136087 133 -0.0000e+00 1
136087 134 -0.0000e+00 1
136087 135 -0.0000e+00 1
136087 136 -0.0000e+00 1
136087 137 -0.0000e+00 1
136087 138 -0.0000e+00 1
136087 139 -0.0000e+00 1
136087 140 -0.0000e+00 1
136087 141 -0.0000e+00 1
136087 142 -0.0000e+00 0
136087 143 -0.0000e+00 0
136087 144 -0.0000e+00 1
136087 145 -0.0000e+00 1
136087 146 -0.0000e+00 1
136087 147 -0.0000e+00 1
136087 148 -0.0000e+00 1
136087 149 -0.0000e+00 1
136087 150 -0.0000e+00 1
136087 151 -0.0000e+00 1
136087 152 -0.0000e+00 1
136087 153 -0.0000e+00 1
136087 154 -0.0000e+00 1
136087 155 -0.0000e+00 1
136087 156 -0.0000e+00 1
136087 157 -0.0000e+00 1
136087 158 -0.0000e+00 1
136087 159 -0.0000e+00 1
136087 160 -0.0000e+00 1
136087 161 -0.0000e+00 1
136087 162 -0.0000e+00 1
136087 163 -0.0000e+00 1
136087 164 -0.0000e+00 1
136087 165 -0.0000e+00 1
136087 166 -0.0000e+00 1
136087 167 -0.0000e+00 1
136087 168 -0.0000e+00 1
136087 169 -0.0000e+00 1
136087 170 -0.0000e+00 1
136087 171 -0.0000e+00 1
136087 172 -0.0000e+00 1
136087 173 -0.0000e+00 1
136087 174 -0.0000e+00 1
136087 175 -0.0000e+00 1
136087 176 -0.0000e+00 1
136087 177 -0.0000e+00 1
136087 178 -0.0000e+00 1
136087 179 -0.0000e+00 1
136087 180 -0.0000e+00 1
136087 181 -0.0000e+00 1
136087 182 -0.0000e+00 1
136087 183 -0.0000e+00 1
136087 184 -0.0000e+00 1
136087 185 -0.0000e+00 1
136087 186 -0.0000e+00 1
136087 187 -0.0000e+00 1
136087 188 -0.0000e+00 1
136087 189 -0.0000e+00 1
136087 190 -0.0000e+00 1
136087 191 -0.0000e+00 1
136087 192 -0.0000e+00 1
136087 193 -0.0000e+00 1
136087 194 -0.0000e+00 1
136087 195 -0.0000e+00 1
136087 196 -0.0000e+00 1
136087 197 -0.0000e+00 1
136087 198 -0.0000e+00 1
136087 199 -0.0000e+00 1
136087 200 -0.0000e+00 1
136087 201 -0.0000e+00 1
136087 202 -0.0000e+00 1
136087 203 -0.0000e+00 1
136087 204 -0.0000e+00 1
136087 205 -0.0000e+00 1
136087 206 -0.0000e+00 1
136087 207 -0.0000e+00 1
136087 208 -0.0000e+00 1
136087 209 -0.0000e+00 1
136087 210 -0.0000e+00 1
136087 211 -0.0000e+00 1
136087 212 -0.0000e+00 1
136087 213 -0.0000e+00 1
136087 214 -0.0000e+00 1
136087 215 -0.0000e+00 1
136087 216 -0.0000e+00 1
136087 217 -0.0000e+00 1
136087 218 -0.0000e+00 1
136087 219 -0.0000e+00 1
136087 220 -0.0000e+00 1
136087 221 -0.0000e+00 1
136087 222 -0.0000e+00 1
136087 223 -0.0000e+00 1
136087 224 -0.0000e+00 1
136087 225 -0.0000e+00 1
136087 226 -0.0000e+00 1
136087 227 -0.0000e+00 1
136087 228 -0.0000e+00 1
136087 229 -0.0000e+00 1
136087 230 -0.0000e+00 1
136087 231 -0.0000e+00 1
136087 232 -0.0000e+00 1
136087 233 -0.0000e+00 1
136087 234 -0.0000e+00 1
136087 235 -0.0000e+00 1
136087 236 -0.0000e+00 1
136087 237 -0.0000e+00 1
136087 238 -0.0000e+00 1
136087 239 -0.0000e+00 1
136087 240 -0.0000e+00 1
136087 241 -0.0000e+00 1
136087 242 -0.0000e+00 1
136087 243 -0.0000e+00 1
136087 244 -0.0000e+00 1
136087 245 -0.0000e+00 1
136087 246 -0.0000e+00 1
136087 247 -0.0000e+00 1
136087 248 -0.0000e+00 1
136087 249 -0.0000e+00 1
136087 250 -0.0000e+00 1
136087 251 3.2353e+27 1
136087 252 3.2414e+27 1
136087 253 -0.0000e+00 1
136087 254 -0.0000e+00 1
136087 255 5.9907e+27 1
136087 256 -0.0000e+00 1
136087 257 -0.0000e+00 1
136087 258 -0.0000e+00 1
136087 259 3.1932e+27 1
136087 260 3.4430e+27 1
136087 261 9.7611e+27 1
136087 262 1.9578e+28 1
136087 263 1.7619e+29 1
136087 264 3.2082e+28 1
136087 265 1.5807e+29 1
136087 267 1.3625e+29 1
136087 268 1.2972e+29 1
136087 269 9.9622e+28 1
136087 270 1.2311e+29 1
136087 271 1.3873e+29 1
136087 272 1.4052e+29 1
136087 273 1.3462e+29 1
136087 274 1.1841e+29 1
136087 275 1.5775e+29 1
136087 276 1.5599e+29 1
136087 277 1.5341e+29 1
136087 279 1.3660e+29 1
136087 280 1.4124e+29 1
136087 281 1.3967e+29 1
136087 282 1.4167e+29 1
136087 283 1.3381e+29 1
136087 284 1.6917e+29 1
136087 285 1.6612e+29 1
136087 286 1.4357e+29 1
136087 287 1.2090e+29 1
136087 288 1.6036e+29 1
136087 289 1.3738e+29 1
136087 290 1.4817e+29 1
136087 291 1.3532e+29 1
136087 292 1.2178e+29 1
136087 293 1.5350e+29 1
136087 294 1.4559e+29 1
136087 295 1.2265e+29 1
136087 296 1.9984e+29 1
136087 297 1.1006e+29 1
136087 298 1.2947e+29 1
136087 299 1.8117e+29 1
136087 300 1.7391e+29 1
136087 301 1.6327e+29 1
136087 302 1.6489e+29 1
136087 303 1.9946e+29 1
136087 304 1.7143e+29 1
136087 305 1.6292e+29 1
136087 306 1.8122e+29 1
136087 307 1.5938e+29 1
136087 308 1.9090e+29 1
136087 309 2.1763e+29 1
136087 310 2.0423e+29 1
136087 312 1.4201e+29 1
136087 313 1.8194e+29 1
136087 314 1.7129e+29 1
136087 315 1.3593e+29 1
136087 316 -0.0000e+00 1
136087 317 -0.0000e+00 1
136087 318 -0.0000e+00 1
136087 319 -0.0000e+00 1
136087 320 -0.0000e+00 1
136087 321 -0.0000e+00 1
136087 322 -0.0000e+00 1
136087 323 -0.0000e+00 1
136087 324 -0.0000e+00 1
136087 325 -0.0000e+00 1
136087 326 -0.0000e+00 1
136087 327 -0.0000e+00 1
136087 328 -0.0000e+00 1
136087 329 -0.0000e+00 1
136087 330 -0.0000e+00 1
136087 331 -0.0000e+00 1
136087 332 -0.0000e+00 1
136087 333 -0.0000e+00 1
136088 1 1.9826e+29 1
136088 2 1.7702e+29 1
136088 3 1.5545e+29 1
136088 6 1.5380e+29 1
136088 7 2.1200e+29 1
136088 8 1.5941e+29 1
136088 9 1.4254e+29 1
136088 10 1.7725e+29 1
136088 11 1.6430e+29 1
136088 12 1.4602e+29 1
136088 13 1.8401e+29 1
136088 14 1.6454e+29 1
136088 15 1.3337e+29 1
136088 16 1.8918e+29 1
136088 17 1.5631e+29 1
136088 19 1.1771e+29 1
136088 20 1.7941e+29 1
136088 21 1.6727e+29 1
136088 22 2.0670e+29 1
136088 23 1.8804e+29 1
136088 24 1.6292e+29 1
136088 25 1.8537e+29 1
136088 26 1.5199e+29 1
136088 27 1.7325e+29 1
136088 28 1.5102e+29 1
136088 29 2.3441e+29 1
136088 30 1.8083e+29 1
136088 31 1.2026e+29 1
136088 32 1.7696e+29 1
136088 33 1.3936e+29 1
136088 34 1.3626e+29 1
136088 35 1.3579e+29 1
136088 36 1.4465e+29 1
136088 37 2.1098e+29 1
136088 38 1.8120e+29 1
136088 39 1.6723e+29 1
136088 41 2.1093e+29 1
136088 42 1.6926e+29 1
136088 43 1.1436e+29 1
136088 44 1.3928e+29 1
136088 45 1.6523e+29 1
136088 46 1.9451e+29 1
136088 47 1.2137e+29 1
136088 50 1.5473e+29 1
136088 52 1.6758e+29 1
136088 54 1.6441e+29 1
136088 55 1.6952e+29 1
136088 56 1.6257e+29 1
136088 57 2.3862e+29 1
136088 58 1.7027e+29 1
136088 59 1.9259e+29 1
136088 60 1.5098e+29 1
136088 61 2.0966e+29 1
136088 62 1.4962e+29 1
136088 63 1.6516e+29 1
136088 65 1.0405e+29 1
136088 67 1.8376e+29 1
136088 68 1.6204e+29 1
136088 69 1.6325e+29 1
136088 70 1.8244e+29 1
136088 71 1.4133e+29 1
136088 72 1.8704e+29 1
136088 73 1.4609e+29 1
136088 74 1.8990e+29 1
136088 75 1.7731e+29 1
136088 76 1.8573e+29 1
136088 77 1.2590e+29 1
136088 78 1.5266e+29 1
136088 79 1.6974e+29 1
136088 80 2.0851e+29 1
136088 81 1.9034e+29 1
136088 82 2.0533e+29 1
136088 83 1.5266e+29 1
136088 84 1.9932e+29 1
136088 85 1.6170e+29 1
136088 86 2.7347e+29 1
136088 87 1.1077e+29 1
136088 88 1.5053e+29 1
136088 89 2.1169e+29 1
136088 91 1.5967e+29 1
136088 92 1.8444e+29 1
136088 93 2.0435e+29 1
136088 94 1.2790e+29 1
136088 95 1.7525e+29 1
136088 96 1.7578e+29 1
136088 97 2.0008e+29 1
136088 98 1.6594e+29 1
136088 99 2.0215e+29 1
136088 100 -0.0000e+00 1
136088 101 1.6358e+29 1
136088 102 1.8965e+29 1
136088 103 1.5679e+29 1
136088 104 1.9477e+29 1
136088 105 1.7281e+29 1
136088 106 1.4563e+29 1
136088 107 1.9562e+29 1
136088 108 1.8918e+29 1
136088 109 1.5961e+29 1
136088 110 1.7870e+29 1
136088 111 1.9312e+29 1
136088 112 1.6239e+29 1
136088 113 1.9691e+29 1
136088 115 1.6090e+29 1
136088 116 1.8918e+29 1
136088 117 1.3337e+29 1
136088 118 1.8286e+29 1
136088 119 1.8671e+29 1
136088 120 1.6358e+29 1
136088 121 1.5522e+29 1
136088 122 1.7665e+29 1
136088 123 1.4864e+29 1
136088 124 1.3108e+29 1
136088 125 1.6896e+29 1
136088 126 2.3795e+29 1
136088 127 1.6421e+29 1
136088 128 1.7737e+29 1
136088 129 1.5815e+29 1
136088 130 1.9305e+29 1
136088 131 1.7125e+29 1
136088 133 1.6972e+29 1
136088 134 1.9002e+29 1
136088 135 3.1292e+29 1
136088 136 2.3061e+29 1
136088 137 1.8573e+29 1
136088 139 1.9717e+29 1
136088 140 1.5716e+29 1
136088 141 1.8730e+29 1
136088 142 1.7915e+29 1
136088 143 1.6008e+29 1
136088 144 1.8681e+29 1
136088 145 1.9927e+29 1
136088 146 1.9667e+29 1
136088 147 1.4495e+29 1
136088 148 1.7805e+29 1
136088 149 1.5352e+29 1
136088 150 1.7759e+29 1
136088 151 1.8083e+29 1
136088 152 1.8048e+29 1
136088 153 2.4254e+29 1
136088 154 2.0381e+29 1
136088 155 1.9717e+29 1
136088 156 2.1414e+29 1
136088 157 1.8013e+29 1
136088 158 1.9401e+29 1
136088 159 1.5903e+29 1
136088 160 1.9329e+29 1
136088 161 1.4906e+29 1
136088 162 1.3462e+29 1
136088 163 1.9374e+29 1
136088 164 2.1567e+29 1
136088 165 1.9586e+29 1
136088 166 1.6138e+29 1
136088 167 2.1868e+29 1
136088 168 2.0737e+29 1
136088 169 1.9350e+29 1
136088 170 1.9427e+29 1
136088 171 1.8083e+29 1
136088 172 1.5053e+29 1
136088 173 1.2866e+29 1
136088 174 1.5205e+29 1
136088 175 1.8481e+29 1
136088 176 1.6358e+29 1
136088 177 1.7391e+29 1
136088 178 1.6812e+29 1
136088 179 1.6129e+29 1
136088 180 1.6969e+29 1
136088 181 1.9320e+29 1
136088 182 1.5159e+29 1
136088 183 1.4400e+29 1
136088 184 3.1292e+29 1
136088 187 2.1126e+29 1
136088 188 1.8619e+29 1
136088 189 1.9799e+29 1
136088 190 1.3654e+29 1
136088 191 1.7469e+29 1
136088 193 1.3924e+29 1
136088 194 1.9909e+29 1
136088 196 1.2137e+29 1
136088 197 1.5629e+29 1
136088 198 1.8842e+29 1
136088 199 1.8924e+29 1
136088 200 1.8083e+29 1
136088 201 1.9912e+29 1
136088 202 1.6740e+29 1
136088 203 1.8050e+29 1
136088 204 1.7575e+29 1
136088 205 1.8526e+29 1
136088 206 1.7056e+29 1
136088 208 1.1841e+29 1
136088 210 1.9954e+29 1
136088 211 2.3711e+29 1
136088 212 2.2968e+29 1
136088 213 1.7033e+29 1
136088 214 1.5693e+29 1
136088 215 1.7833e+29 1
136088 216 1.6146e+29 1
136088 217 1.4846e+29 1
136088 218 1.8776e+29 1
136088 219 1.7160e+29 1
136088 220 1.8344e+29 1
136088 221 1.8960e+29 1
136088 222 1.8203e+29 1
136088 223 1.7759e+29 1
136088 224 1.7710e+29 1
136088 225 2.1482e+29 1
136088 226 1.2026e+29 1
136088 227 1.9646e+29 1
136088 228 1.4962e+29 1
136088 229 1.3738e+29 1
136088 230 1.6783e+29 1
136088 231 1.4076e+29 1
136088 232 1.5348e+29 1
136088 233 1.4934e+29 1
136088 234 1.6552e+29 1
136088 235 1.2978e+29 1
136088 236 1.4311e+29 1
136088 237 1.5665e+29 1
136088 238 1.7584e+29 1
136088 239 1.6391e+29 1
136088 240 1.7789e+29 1
136088 241 1.7425e+29 1
136088 242 1.8119e+29 1
136088 243 1.6391e+29 1
136088 244 1.5431e+29 1
136088 245 1.9248e+29 1
136088 246 1.6390e+29 1
136088 247 2.0438e+29 1
136088 248 1.8401e+29 1
136088 249 1.7830e+29 1
136088 250 1.6612e+29 1
136088 251 1.8904e+29 1
136088 252 1.0079e+29 1
136088 253 1.6656e+29 1
136088 254 1.9536e+29 1
136088 255 2.4640e+29 1
136088 256 1.7178e+29 1
136097 1 1.6358e+29 1
136097 3 2.3937e+29 1
136097 5 1.4934e+29 1
136097 7 2.1869e+29 1
136097 9 1.8553e+29 1
136097 11 2.2824e+29 1
136097 12 2.1785e+29 1
136097 14 1.7301e+29 1
136097 15 2.5009e+29 1
136097 16 2.1797e+29 1
136097 17 2.3184e+29 1
136097 18 1.9813e+29 1
136097 19 1.7938e+29 1
136097 20 2.1013e+29 1
136097 21 1.9691e+29 1
136097 22 3.0569e+29 1
136097 23 2.0416e+29 1
136097 24 2.2202e+29 1
136097 25 2.1409e+29 1
136097 26 1.9053e+29 1
136097 27 2.1071e+29 1
136097 28 2.8268e+29 1
136097 29 2.3937e+29 1
136097 30 2.1411e+29 1
136097 31 2.5140e+29 1
136097 32 2.5730e+29 1
136097 33 2.1532e+29 1
136097 34 1.8960e+29 1
136097 35 2.5579e+29 1
136097 36 1.5021e+29 1
136097 37 1.8904e+29 1
136097 38 2.1900e+29 1
136097 39 2.4068e+29 1
136097 40 2.5339e+29 1
136097 41 1.8945e+29 1
136097 42 2.4312e+29 1
136097 43 2.4333e+29 1
136097 44 2.2749e+29 1
136097 45 1.9451e+29 1
136097 46 2.1151e+29 1
136097 47 2.2478e+29 1
136097 48 1.8407e+29 1
136097 49 2.0089e+29 1
136097 50 2.5194e+29 1
136097 51 2.3426e+29 1
136097 52 2.5761e+29 1
136097 53 2.1546e+29 1
136097 54 2.4283e+29 1
136097 55 2.3237e+29 1
136097 56 2.6081e+29 1
136097 57 2.1173e+29 1
136097 58 2.5992e+29 1
136097 59 2.1835e+29 1
136097 60 2.0391e+29 1
136097 61 2.1918e+29 1
136097 62 2.4411e+29 1
136097 63 2.9671e+29 1
136097 64 2.0538e+29 1
136097 65 2.4561e+29 1
136097 66 2.1418e+29 1
136097 67 1.9259e+29 1
136097 68 2.1199e+29 1
136097 69 2.1776e+29 1
136097 70 2.2918e+29 1
136097 71 2.3742e+29 1
136097 72 2.3508e+29 1
136097 73 2.4319e+29 1
136097 74 1.7178e+29 1
136097 75 1.9928e+29 1
136097 76 2.5552e+29 1
136097 77 1.5880e+29 1
136097 78 1.7422e+29 1
136097 79 3.1613e+29 1
136098 1 1.5535e+29 1
136098 2 1.7574e+29 1
136098 3 1.8794e+29 1
136098 4 2.3490e+29 1
136098 5 2.2799e+29 1
136098 6 2.0751e+29 1
136098 7 2.1257e+29 1
136098 8 2.8828e+29 1
136098 9 1.6859e+29 1
136098 10 2.5183e+29 1
136098 11 2.1482e+29 1
136100 1 1.8306e+29 1
136100 2 2.3056e+29 1
136100 3 2.8077e+29 1
136100 4 2.0502e+29 1
136100 5 2.1670e+29 1
136100 6 2.8063e+29 1
136100 7 2.1549e+29 1
136100 8 2.1913e+29 1
136100 9 2.1056e+29 1
136100 10 2.1730e+29 1
136100 11 2.8471e+29 1
136100 12 2.4741e+29 1
136100 13 2.0449e+29 1
136100 14 1.9852e+29 1
136100 15 2.5378e+29 1
136100 16 2.0295e+29 1
136100 17 2.1043e+29 1
136100 18 2.2390e+29 1
136100 19 2.2827e+29 1
136100 20 2.2034e+29 1
136100 21 2.5383e+29 1
136100 22 2.4173e+29 1
136100 23 2.2674e+29 1
136100 24 2.4312e+29 1
136100 25 2.1190e+29 1
136100 26 2.4204e+29 1
136100 27 2.2412e+29 1
136100 28 2.4682e+29 1
136100 29 2.1274e+29 1
136100 30 2.2470e+29 1
136100 31 2.4223e+29 1
136100 32 2.1569e+29 1
136100 33 2.4610e+29 1
136100 34 2.1043e+29 1
136100 35 1.7883e+29 1
136100 36 1.8360e+29 1
136100 37 2.3956e+29 1
136100 38 2.3225e+29 1
136100 39 2.1676e+29 1
136100 40 2.5272e+29 1
136100 41 2.3481e+29 1
136100 42 2.7417e+29 1
136100 43 2.3641e+29 1
136100 44 1.9505e+29 1
136100 45 2.2426e+29 1
136100 46 2.2112e+29 1
136100 47 2.0586e+29 1
136100 48 2.2197e+29 1
136100 49 2.0787e+29 1
136100 50 2.5784e+29 1
136100 51 2.1868e+29 1
136100 52 1.9858e+29 1
136100 53 2.3472e+29 1
136100 54 2.4908e+29 1
136100 55 1.8782e+29 1
136100 56 2.5311e+29 1
136100 57 1.9922e+29 1
136100 58 2.8505e+29 1
136100 59 2.4561e+29 1
136100 60 2.5776e+29 1
136100 61 1.8517e+29 1
136100 62 2.3529e+29 1
136100 63 2.2918e+29 1
136100 64 1.9053e+29 1
136100 65 2.3688e+29 1
136100 66 1.8120e+29 1
136100 67 2.3790e+29 1
136100 68 2.3013e+29 1
136100 69 2.3481e+29 1
136100 70 2.4966e+29 1
136100 71 2.0413e+29 1
136100 72 2.3558e+29 1
136100 73 2.1272e+29 1
136100 74 2.0015e+29 1
136100 75 1.9221e+29 1
136100 76 2.0299e+29 1
136100 77 2.5937e+29 1
136100 78 2.4243e+29 1
136100 79 2.4466e+29 1
136100 80 1.5074e+29 1
136100 81 2.2520e+29 1
136100 82 2.4485e+29 1
136100 83 2.5449e+29 1
136100 84 2.4068e+29 1
136100 85 2.5776e+29 1
136100 86 2.4536e+29 1
136100 87 1.7337e+29 1
136100 88 1.9109e+29 1
136100 89 2.4858e+29 1
136100 90 2.2456e+29 1
136100 91 2.2063e+29 1
136100 92 2.0712e+29 1
136100 93 1.7870e+29 1
136100 94 2.0370e+29 1
136100 95 2.1225e+29 0
136100 96 2.0376e+29 0
136100 97 2.0140e+29 0
136100 98 1.7549e+29 0
136100 99 2.5178e+29 0
136100 100 2.0745e+29 0
136100 101 2.0778e+29 0
136100 102 2.0297e+29 0
136100 103 2.1583e+29 0
136100 104 1.6294e+29 0
136100 105 2.0592e+29 0
136100 106 2.4682e+29 0
136100 107 2.0427e+29 0
136100 108 1.8157e+29 0
136100 109 1.9451e+29 0
136100 110 2.6872e+29 0
136100 112 1.9521e+29 0
136100 113 1.7244e+29 0
136100 114 2.2612e+29 0
136100 115 1.9226e+29 0
136100 116 1.7194e+29 0
136100 117 1.8934e+29 0
136100 118 1.9875e+29 0
136100 119 1.0620e+29 0
136100 120 6.2043e+28 0
136100 121 5.4188e+28 0
136100 122 2.7029e+28 0
136100 123 2.4563e+28 0
136100 124 3.6625e+28 0
136100 125 1.2905e+28 0
136100 126 4.1112e+28 0
136100 127 2.1121e+29 0
136100 128 1.8573e+29 0
136100 129 2.1461e+29 0
136100 130 2.0015e+29 0
136100 131 1.9290e+29 0
136100 132 1.5614e+29 0
136100 133 2.1274e+29 0
136100 134 2.0060e+29 0
136100 135 2.6512e+29 0
136100 136 2.2965e+29 0
136100 137 1.8334e+29 0
136100 138 1.9529e+29 0
136100 139 2.0373e+29 0
136100 140 1.8650e+29 0
136100 141 1.6325e+29 0
136100 142 2.1098e+29 0
136100 143 2.4153e+29 0
136100 144 1.9586e+29 0
136100 145 2.3010e+29 0
136100 146 1.9036e+29 0
136100 147 2.2289e+29 0
136100 148 1.7835e+29 0
136100 149 1.7795e+29 0
136100 150 2.4736e+29 0
136100 151 2.3010e+29 0
136100 152 2.1334e+29 0
136100 153 1.1489e+29 0
136100 154 1.8573e+29 0
136100 155 2.0721e+29 0
136100 156 1.5380e+29 0
136100 157 1.7422e+29 0
136100 158 2.2786e+29 0
136100 159 1.6734e+29 0
136100 160 1.3873e+29 0
136100 161 1.8960e+29 0
136100 162 2.0787e+29 0
136100 163 2.2242e+29 0
136100 164 1.9350e+29 0
136100 165 1.8742e+29 0
136100 166 1.6294e+29 0
136100 167 1.7194e+29 0
136100 168 2.1318e+29 0
136100 169 1.7575e+29 0
136100 170 1.7014e+29 0
136100 171 1.9345e+29 0
136100 172 2.3338e+29 0
136100 173 1.7943e+29 0
136100 174 1.8355e+29 0
136100 175 1.9513e+29 0
136100 176 2.0129e+29 0
136100 177 1.5775e+29 0
136100 178 2.1418e+29 0
136100 179 2.0333e+29 0
136100 180 2.0712e+29 0
136100 181 1.8440e+29 0
136100 182 1.8554e+29 0
136100 183 1.7493e+29 0
136100 184 1.4269e+29 0
136100 185 2.0544e+29 0
136100 186 1.9164e+29 0
136100 187 1.8437e+29 0
136100 188 1.7504e+29 0
136100 189 1.9476e+29 0
136100 190 1.7504e+29 0
136100 191 1.6906e+29 0
136100 192 2.2731e+29 0
136100 193 1.5164e+29 0
136100 194 1.8582e+29 0
136100 195 1.4045e+29 0
136100 196 1.7142e+29 0
136100 197 2.4005e+29 0
136100 198 1.6617e+29 0
136100 199 1.9627e+29 0
136100 200 1.6008e+29 0
136100 201 1.6358e+29 0
136100 202 2.1096e+29 0
136100 203 1.7563e+29 0
136100 204 1.7731e+29 0
136100 205 1.9209e+29 0
136100 206 2.1877e+29 0
136100 207 1.9451e+29 0
136100 208 1.7724e+29 0
136100 209 1.9801e+29 0
136100 210 2.0416e+29 0
136100 211 1.5894e+29 0
136100 212 1.7365e+29 0
136100 213 1.8635e+29 0
136100 214 1.7412e+29 0
136100 215 1.8973e+29 0
136100 216 2.0728e+29 0
136100 217 1.7504e+29 0
136100 218 1.9438e+29 0
136100 219 1.7593e+29 0
136100 220 2.0134e+29 0
136100 221 1.6575e+29 0
136100 222 1.4876e+29 0
136100 223 1.8048e+29 0
136100 224 2.0445e+29 0
136100 225 1.5122e+29 0
136100 226 1.8083e+29 0
136100 227 1.8226e+29 0
136100 228 2.2553e+29 0
136100 229 1.9788e+29 0
136100 230 2.5486e+29 0
136100 231 1.5139e+29 0
136100 232 2.3595e+29 0
136100 233 1.6544e+29 0
136100 234 1.5164e+29 0
136100 235 1.6358e+29 0
136100 236 1.9259e+29 0
136100 237 2.1418e+29 0
136100 238 1.7434e+29 0
136100 239 1.4465e+29 0
136100 240 1.9505e+29 0
136100 241 1.5642e+29 0
136100 242 1.8789e+29 0
136100 243 2.2612e+29 0
136100 244 1.7689e+29 0
136100 245 1.4814e+29 0
136100 246 2.1225e+29 0
136100 247 1.9312e+29 0
136100 248 1.9412e+29 0
136100 249 1.8119e+29 0
136100 250 1.2277e+29 0
136100 251 1.4601e+29 0
136100 252 1.6390e+29 0
136100 253 1.9941e+29 0
136100 254 1.8188e+29 0
136100 255 1.7874e+29 0
136100 256 1.7007e+29 0
136100 257 1.3738e+29 0
136100 258 1.5259e+29 0
136100 259 1.4755e+29 0
136100 260 1.6884e+29 0
136100 261 2.4850e+29 0
136100 262 1.8778e+29 0
136100 263 1.8049e+29 0
136100 264 1.8695e+29 0
136100 265 1.5584e+29 0
136100 266 1.8433e+29 0
136100 267 1.8509e+29 0
136100 268 1.7874e+29 0
136100 269 1.9191e+29 0
136100 270 1.3449e+29 0
136100 271 2.0518e+29 0
136100 272 1.8344e+29 0
136100 273 2.2374e+29 0
136100 274 1.7525e+29 0
136100 275 1.2647e+29 0
136100 276 1.5361e+29 0
136100 277 2.0135e+29 0
136100 278 1.7211e+29 0
136100 279 2.5501e+29 0
136100 280 1.9742e+29 0
136100 281 1.3680e+29 0
136100 282 1.2943e+29 0
136100 283 1.9388e+29 0
136100 284 1.7696e+29 0
136100 285 1.5350e+29 0
136100 286 1.6424e+29 0
136100 287 2.0095e+29 0
136100 288 1.0533e+29 0
136100 289 1.0823e+29 0
136100 290 2.0614e+29 0
136100 291 1.6961e+29 0
136100 292 1.5106e+29 0
136100 293 1.6623e+29 0
136100 294 1.6204e+29 0
136100 295 1.4513e+29 0
136100 296 1.8730e+29 0
136100 297 1.8602e+29 0
136100 298 1.8401e+29 0
136100 299 1.8269e+29 0
136100 300 1.8255e+29 0
136100 301 1.4848e+29 0
136100 302 1.7292e+29 0
136100 303 1.8708e+29 0
136100 304 1.6560e+29 0
136100 305 1.4353e+29 0
136100 306 1.6358e+29 0
136100 307 1.4040e+29 0
136100 308 1.6552e+29 0
136100 309 1.6456e+29 0
136100 310 1.9127e+29 0
136100 311 2.0301e+29 0
136100 312 1.3083e+29 0
136100 313 1.4198e+29 0
136100 314 1.3389e+29 0
136100 315 1.9205e+29 0
136100 316 1.4962e+29 0
136100 317 1.4906e+29 0
136100 318 1.4142e+29 0
136100 319 1.7434e+29 0
136100 320 1.1201e+29 0
136100 321 1.6424e+29 0
136100 322 1.6831e+29 0
136100 323 1.2954e+29 0
136100 324 1.5154e+29 0
136100 325 1.6297e+29 0
136100 326 1.2586e+29 0
136100 327 1.1794e+29 0
136100 328 1.3129e+29 0
136100 329 1.6124e+29 0
136100 330 1.5864e+29 0
136100 331 2.1840e+29 0
136100 332 1.2768e+29 0
136100 333 1.6742e+29 0
136100 334 1.4522e+29 0
136100 335 1.8848e+29 0
136100 336 1.3817e+29 0
136100 337 1.3307e+29 0
136100 338 1.3687e+29 0
136100 339 1.5411e+29 0
136100 340 1.2568e+29 0
136100 341 1.4222e+29 0
136100 342 1.2196e+29 0
136100 343 9.6206e+28 0
136100 344 1.3548e+29 0
136100 345 1.2196e+29 0
136100 346 1.5707e+29 0
136100 347 1.4817e+29 0
136100 348 1.4012e+29 0
136100 349 1.4245e+29 0
136100 350 1.5875e+29 0
136100 351 1.8546e+29 0
136100 352 1.3435e+29 0
136100 353 1.4934e+29 0
136100 354 1.2113e+29 0
136100 355 1.6033e+29 0
136100 356 1.2696e+29 0
136100 357 1.2113e+29 0
136100 358 1.1446e+29 0
136100 359 1.7365e+29 0
136100 360 1.2363e+29 0
136100 361 1.2935e+29 0
136100 362 1.3634e+29 0
136100 363 1.3236e+29 0
136100 364 1.3919e+29 0
136100 365 1.1819e+29 0
136100 366 8.9847e+28 0
136100 367 1.6656e+29 0
136100 368 1.7535e+29 0
136100 369 1.1867e+29 0
136100 370 1.5733e+29 0
136100 371 1.3196e+29 0
136100 372 1.3312e+29 0
136100 373 1.4187e+29 0
136100 374 1.1335e+29 0
136100 375 1.3184e+29 0
136100 376 1.3271e+29 0
136100 377 1.1947e+29 0
136100 378 1.4616e+29 0
136100 379 1.0446e+29 0
136100 380 1.2960e+29 0
136100 381 1.1514e+29 0
136100 382 1.2744e+29 0
136100 383 1.3548e+29 0
136100 384 1.6783e+29 0
136100 385 1.1772e+29 0
136100 386 1.4542e+29 0
136100 387 1.1906e+29 0
136100 388 1.0444e+29 0
136100 389 1.7610e+29 0
136100 390 1.3738e+29 0
136100 391 1.3836e+29 0
136100 392 1.6850e+29 0
136100 393 1.2819e+29 0
136100 394 1.1768e+29 0
136100 395 1.0304e+29 0
136100 396 1.4794e+29 0
136100 397 1.5139e+29 0
136100 398 1.4032e+29 0
136100 399 1.4012e+29 0
136100 400 1.2031e+29 0
136100 401 9.6206e+28 0
136100 402 1.2328e+29 0
136100 403 1.2670e+29 0
136100 404 1.2436e+29 0
136100 405 1.5402e+29 0
136100 406 1.4160e+29 0
136100 407 1.0346e+29 0
136100 408 1.1796e+29 0
136100 409 9.3319e+28 0
136100 410 1.3074e+29 0
136100 411 9.1265e+28 0
136100 412 1.6358e+29 0
136100 413 1.5319e+29 0
136100 414 8.9989e+28 0
136100 415 1.1099e+29 0
136100 416 1.2745e+29 0
136100 417 1.0288e+29 0
136100 418 1.4486e+29 0
136100 419 1.0613e+29 0
136100 420 1.3521e+29 0
136100 421 1.0948e+29 0
136100 422 7.8926e+28 0
136100 423 1.0752e+29 0
136100 424 1.4012e+29 0
136100 425 9.2060e+28 0
136100 426 9.4921e+28 0
136100 427 1.0952e+29 0
136100 428 9.8856e+28 0
136100 429 1.0885e+29 0
136100 430 1.2021e+29 0
136100 431 1.3271e+29 0
136100 432 1.2396e+29 0
136100 433 1.0405e+29 0
136100 434 1.1729e+29 0
136100 435 1.1183e+29 0
136100 436 8.6837e+28 0
136100 437 1.3129e+29 0
136100 438 1.1468e+29 0
136100 439 1.4442e+29 0
136100 440 1.1930e+29 0
136100 441 1.4311e+29 0
136100 442 7.7189e+28 0
136100 443 9.1601e+28 0
136100 444 1.1162e+29 0
136100 445 1.9297e+29 0
136100 446 1.2768e+29 0
136100 447 1.4096e+29 0
136100 448 9.6268e+28 0
136100 449 1.0346e+29 0
136100 450 9.3302e+28 0
136100 451 1.3033e+29 0
136100 452 1.0815e+29 0
136100 453 1.4187e+29 0
136100 454 1.1936e+29 0
136100 455 9.8686e+28 0
136100 456 1.1201e+29 0
136100 457 1.4325e+29 0
136100 458 1.1424e+29 0
136100 459 1.3307e+29 0
136100 460 1.7230e+29 0
136100 461 1.1077e+29 0
136100 462 9.8103e+28 0
136100 463 1.0689e+29 0
136100 464 7.1981e+28 0
136100 465 1.1635e+29 0
136100 466 1.1343e+29 0
136100 467 8.8523e+28 0
136100 468 1.0906e+29 0
136100 469 9.2605e+28 0
136100 470 1.0090e+29 0
136100 471 1.2003e+29 0
136100 472 9.5909e+28 0
136100 473 1.2289e+29 0
136100 474 1.3182e+29 0
136100 475 1.0932e+29 0
136100 476 9.0449e+28 0
136100 477 7.9844e+28 0
136100 478 1.4788e+29 0
136100 479 1.2572e+29 0
136100 480 1.5687e+29 0
136100 481 1.0871e+29 0
136100 482 1.1938e+29 0
136100 483 1.0155e+29 0
136100 484 1.3815e+29 0
136100 485 1.0545e+29 0
136100 486 1.0269e+29 0
136100 487 1.0405e+29 0
136100 488 1.5289e+29 0
136100 489 1.1777e+29 0
136100 490 1.0963e+29 0
136100 491 8.5281e+28 0
136100 492 9.2797e+28 0
136100 493 1.1749e+29 0
136100 494 1.0231e+29 0
136100 495 1.3354e+29 0
136100 496 1.2900e+29 0
136100 497 1.1749e+29 0
136100 498 1.1795e+29 0
136100 499 1.1097e+29 0
136100 500 9.1265e+28 0
136100 501 1.2104e+29 0
136100 502 1.1097e+29 0
136100 503 7.0853e+28 0
136100 504 8.9269e+28 0
136100 505 7.3473e+28 0
136100 506 8.9395e+28 0
136100 507 1.0586e+29 0
136100 508 1.2476e+29 0
136100 509 1.2626e+29 0
136100 510 1.3033e+29 0
136100 511 1.1327e+29 0
136100 512 1.0405e+29 0
136100 513 1.2438e+29 0
136100 514 1.5673e+29 0
136100 515 1.3431e+29 0
136100 516 1.1201e+29 0
136100 517 1.0444e+29 0
136100 518 9.9115e+28 0
136100 519 1.4903e+29 0
136100 520 1.0032e+29 0
136100 521 1.0051e+29 0
136100 522 1.4239e+29 0
136100 523 1.1479e+29 0
136100 524 1.0080e+29 0
136100 525 9.4674e+28 0
136100 526 1.1817e+29 0
136100 527 7.7230e+28 0
136100 528 9.2797e+28 0
136100 529 1.0385e+29 0
136100 530 1.1703e+29 0
136100 531 8.1980e+28 0
136100 532 1.1950e+29 0
136100 533 7.3591e+28 0
136100 534 8.0942e+28 0
136100 535 1.2044e+29 0
136100 536 1.0773e+29 0
136100 537 1.1545e+29 0
136100 538 1.1180e+29 0
136100 539 8.7690e+28 0
136100 540 9.4277e+28 0
136100 541 1.0976e+29 0
136100 542 1.0988e+29 0
136100 543 9.9875e+28 0
136100 544 1.1841e+29 0
136100 545 8.5342e+28 0
136100 546 1.2482e+29 0
136100 547 1.0051e+29 0
136100 548 1.5164e+29 0
136100 549 9.2086e+28 0
136100 550 1.2916e+29 0
136100 551 1.2003e+29 0
136100 552 9.5376e+28 0
136100 553 7.9077e+28 0
136100 554 1.3941e+29 0
136100 555 1.2012e+29 0
136100 556 1.0186e+29 0
136100 557 1.1532e+29 0
136100 558 1.0304e+29 0
136100 559 1.0613e+29 0
136100 560 9.7177e+28 0
136100 561 7.9535e+28 0
136100 562 1.4640e+29 0
136100 563 8.4068e+28 0
136100 564 1.4203e+29 0
136100 565 1.2202e+29 0
136100 566 9.8478e+28 0
136100 567 9.5120e+28 0
136100 568 1.0269e+29 0
136100 569 1.2769e+29 0
136100 570 8.1151e+28 0
136100 571 9.5870e+28 0
136100 572 1.4133e+29 0
136100 573 9.7360e+28 0
136100 574 1.3984e+29 0
136100 575 1.2404e+29 0
136100 576 1.2206e+29 0
136100 577 1.3951e+29 0
136100 578 1.2935e+29 0
136100 579 1.5319e+29 0
136100 580 1.2229e+29 0
136100 581 1.0901e+29 0
136100 582 1.0850e+29 0
136100 583 7.6000e+28 0
136100 584 8.1151e+28 0
136100 585 9.5909e+28 0
136100 586 9.0015e+28 0
136100 587 1.0550e+29 0
136100 588 1.3711e+29 0
136100 589 8.7869e+28 0
136100 590 1.1523e+29 0
136100 591 1.2153e+29 0
136100 592 8.7044e+28 0
136100 593 1.1938e+29 0
136100 594 1.1956e+29 0
136100 595 8.4813e+28 0
136100 596 1.2007e+29 0
136100 597 8.5179e+28 0
136100 598 1.1729e+29 0
136100 599 9.1334e+28 0
136100 600 1.3423e+29 0
136100 601 8.3904e+28 0
136100 602 9.1653e+28 0
136100 603 1.2090e+29 0
136100 604 1.1014e+29 0
136100 605 1.1468e+29 0
136100 606 1.2031e+29 0
136100 607 1.1435e+29 0
136100 608 1.1056e+29 0
136100 609 8.4969e+28 0
136100 610 9.8103e+28 0
136100 611 1.2539e+29 0
136100 612 1.0830e+29 0
136100 613 9.0537e+28 0
136100 614 1.1035e+29 0
136100 615 9.7910e+28 0
136100 616 1.1436e+29 0
136100 617 1.1754e+29 0
136100 618 1.1479e+29 0
136100 619 1.1652e+29 0
136100 620 1.0059e+29 0
136100 621 1.1435e+29 0
136100 622 6.1856e+28 0
136100 623 1.3363e+29 0
136100 624 1.0711e+29 0
136100 625 1.1137e+29 0
136100 626 1.1797e+29 0
136100 627 8.7044e+28 0
136100 628 1.1770e+29 0
136100 629 9.5580e+28 0
136100 630 1.2253e+29 0
136100 631 1.3548e+29 0
136100 632 1.4776e+29 0
136100 633 1.0405e+29 0
136100 634 1.1561e+29 0
136100 635 9.9572e+28 0
136100 636 1.0360e+29 0
136100 637 7.4284e+28 0
136100 638 1.1144e+29 0
136100 639 1.2031e+29 0
136100 640 1.0560e+29 0
136100 641 9.1601e+28 0
136100 642 1.2645e+29 0
136100 643 1.2083e+29 0
136100 644 9.5187e+28 0
136100 645 1.1469e+29 0
136100 646 1.0304e+29 0
136100 649 8.7690e+28 0
136100 650 1.1312e+29 0
136100 651 1.0099e+29 0
136100 652 1.2338e+29 0
136100 653 1.1190e+29 0
136100 654 1.2954e+29 0
136100 655 8.9015e+28 0
136100 656 1.2227e+29 0
136100 657 1.2404e+29 0
136100 658 1.0948e+29 0
136100 659 8.7869e+28 0
136100 660 8.5670e+28 0
136100 661 9.8103e+28 0
136100 662 1.1139e+29 0
136100 663 9.8505e+28 0
136100 664 1.1402e+29 0
136100 665 9.6088e+28 0
136100 666 7.1389e+28 0
136100 667 7.1796e+28 0
136100 668 1.0032e+29 0
136100 669 7.8177e+28 0
136100 670 1.2428e+29 0
136100 671 1.1379e+29 0
136100 672 1.3278e+29 0
136100 673 1.0952e+29 0
136100 674 1.0575e+29 0
136100 675 1.1205e+29 0
136100 676 1.4759e+29 0
136100 677 1.3495e+29 0
136100 678 1.3819e+29 0
136100 679 1.2277e+29 0
136100 680 1.2895e+29 0
136100 681 1.5360e+29 0
136100 682 8.4068e+28 0
136100 683 1.1371e+29 0
136100 684 9.2971e+28 0
136100 685 1.1016e+29 0
136100 686 1.2372e+29 0
136100 687 1.2164e+29 0
136100 688 1.2242e+29 0
136100 689 9.2427e+28 0
136100 690 9.2060e+28 0
136100 691 1.2534e+29 0
136100 692 9.7111e+28 0
136100 693 1.0193e+29 0
136100 694 1.2916e+29 0
136100 695 1.2021e+29 0
136100 696 1.2026e+29 0
136100 697 8.7518e+28 0
136100 698 1.0541e+29 0
136100 699 1.3016e+29 0
136100 700 9.3302e+28 0
136100 701 1.1144e+29 0
136100 702 9.7145e+28 0
136100 703 1.0089e+29 0
136100 704 1.0529e+29 0
136100 705 9.8648e+28 0
136100 706 1.3532e+29 0
136100 707 8.9346e+28 0
136100 708 9.0601e+28 0
136100 709 1.2136e+29 0
136100 710 1.1841e+29 0
136100 711 1.2265e+29 0
136100 712 9.7742e+28 0
136100 713 1.2077e+29 0
136100 714 1.2311e+29 0
136100 715 9.2605e+28 0
136100 716 1.2695e+29 0
136100 717 9.6915e+28 0
136100 718 1.0469e+29 0
136100 719 1.0606e+29 0
136100 720 1.2413e+29 0
136100 721 8.9346e+28 0
136100 722 1.3579e+29 0
136100 723 1.0167e+29 0
136100 724 8.0142e+28 0
136100 725 1.1864e+29 0
136100 726 9.0090e+28 0
136100 727 9.8686e+28 0
136100 728 1.3765e+29 0
136100 729 1.1313e+29 0
136100 730 1.0627e+29 0
136100 731 1.2073e+29 0
136100 732 9.8103e+28 0
136100 733 9.5553e+28 0
136100 734 1.2049e+29 0
136100 735 1.1055e+29 0
136100 736 9.2977e+28 0
136100 737 9.3185e+28 0
136100 738 8.6837e+28 0
136100 739 1.6421e+29 0
136100 740 9.9622e+28 0
136100 741 8.8372e+28 0
136100 742 1.2055e+29 0
136100 743 1.1118e+29 0
136100 744 8.3904e+28 0
136100 745 9.5468e+28 0
136100 746 8.9346e+28 0
136100 747 8.2807e+28 0
136100 748 1.0541e+29 0
136100 749 1.1841e+29 0
136100 750 1.0424e+29 0
136100 751 1.0542e+29 0
136100 752 1.1568e+29 0
136100 753 1.0013e+29 0
136100 754 9.6268e+28 0
136100 755 8.8036e+28 0
136100 756 8.4399e+28 0
136100 757 1.1159e+29 0
136100 758 1.1275e+29 0
136100 759 8.9679e+28 0
136100 760 1.3235e+29 0
136100 761 1.1008e+29 0
136100 762 1.2291e+29 0
136100 763 1.2055e+29 0
136100 764 1.2744e+29 0
136100 765 8.3583e+28 0
136100 766 1.0072e+29 0
136100 767 9.4741e+28 0
136100 768 9.2060e+28 0
136100 769 1.0179e+29 0
136100 770 1.3791e+29 0
136100 771 1.0405e+29 0
136100 772 9.6526e+28 0
136100 773 9.4111e+28 0
136100 774 8.2654e+28 0
136100 775 1.0219e+29 0
136100 776 1.1243e+29 0
136100 777 7.6140e+28 0
136100 778 1.1098e+29 0
136100 779 9.1092e+28 0
136100 780 1.0830e+29 0
136100 781 1.0844e+29 0
136100 782 9.4741e+28 0
136100 783 9.5187e+28 0
136100 784 1.0036e+29 0
136100 785 9.9237e+28 0
136100 786 8.3252e+28 0
136100 787 1.3462e+29 0
136100 788 1.1014e+29 0
136100 789 1.1282e+29 0
136100 790 7.2485e+28 0
136100 791 1.0051e+29 0
136100 792 1.2044e+29 0
136100 793 8.5179e+28 0
136100 794 1.4032e+29 0
136100 795 1.1794e+29 0
136100 796 1.3408e+29 0
136100 797 1.1014e+29 0
136100 798 9.4069e+28 0
136100 799 7.4906e+28 0
136100 800 7.7442e+28 0
136100 801 8.6166e+28 0
136100 802 1.2866e+29 0
136100 803 8.7176e+28 0
136100 804 1.1722e+29 0
136100 805 9.9887e+28 0
136100 806 8.2501e+28 0
136100 807 8.9679e+28 0
136100 808 1.2500e+29 0
136100 809 1.4153e+29 0
136100 810 1.1553e+29 0
136100 811 9.3983e+28 0
136100 812 4.0867e+28 0
136100 813 1.1120e+29 0
136100 814 1.3864e+29 0
136100 815 8.7006e+28 0
136100 816 1.0761e+29 0
136100 817 1.0193e+29 0
136100 818 1.0916e+29 0
136100 819 1.3209e+29 0
136100 820 5.0484e+28 0
136100 821 8.5555e+28 0
136100 822 8.5505e+28 0
136100 823 5.4383e+28 0
136100 824 8.6166e+28 0
136100 825 1.0932e+29 0
136100 826 1.1635e+29 0
136100 827 1.3905e+29 0
136100 828 9.3133e+28 0
136100 829 8.5439e+28 0
136100 830 9.5978e+28 0
136100 831 8.8233e+28 0
136100 832 1.0773e+29 0
136100 833 1.0447e+29 0
136100 834 1.0993e+29 0
136100 835 9.5024e+28 0
136100 836 1.1776e+29 0
136100 837 7.1796e+28 0
136100 838 8.1422e+28 0
136100 839 1.1479e+29 0
136100 840 9.2243e+28 0
136100 841 9.9345e+28 0
136100 842 8.8198e+28 0
136100 843 1.1259e+29 0
136100 844 6.8079e+28 0
136100 845 1.0288e+29 0
136100 846 7.4231e+28 0
136100 847 8.1908e+28 0
136100 848 9.3812e+28 0
136100 849 1.0109e+29 0
136100 850 9.2427e+28 0
136100 851 6.1477e+28 0
136100 852 9.6579e+28 0
136100 853 1.1243e+29 0
136100 854 1.1190e+29 0
136100 855 9.9946e+28 0
136100 856 1.0186e+29 0
136100 857 9.5909e+28 0
136100 858 8.0292e+28 0
136100 859 1.0918e+29 0
136100 860 1.0284e+29 0
136100 861 1.2381e+29 0
136100 862 9.2618e+28 0
136100 863 1.3372e+29 0
136100 864 9.1265e+28 0
136100 865 1.1629e+29 0
136100 866 1.1680e+29 0
136100 867 9.4561e+28 0
136100 868 8.4044e+28 0
136100 869 1.1205e+29 0
136100 870 6.7190e+28 0
136100 871 1.0426e+29 0
136100 872 1.0844e+29 0
136100 873 1.2621e+29 0
136100 874 1.0620e+29 0
136100 875 1.1335e+29 0
136100 876 1.5169e+29 0
136100 877 1.2168e+29 0
136100 878 1.2421e+29 0
136100 879 8.0625e+28 0
136100 880 1.2097e+29 0
136100 881 1.1425e+29 0
136100 882 1.2067e+29 0
136100 883 7.8528e+28 0
136100 884 9.5756e+28 0
136100 885 1.0948e+29 0
136100 886 1.0331e+29 0
136100 887 1.2552e+29 0
136100 888 7.3473e+28 0
136100 889 1.2324e+29 0
136100 890 8.4694e+28 0
136100 891 9.2243e+28 0
136100 892 9.1212e+28 0
136100 893 9.7029e+28 0
136100 894 1.0384e+29 0
136100 895 1.0592e+29 0
136100 896 1.2647e+29 0
136100 897 9.2612e+28 0
136100 898 8.2046e+28 0
136100 899 9.5756e+28 0
136100 900 9.0867e+28 0
136100 901 1.0051e+29 0
136100 902 1.3067e+29 0
136100 903 1.1226e+29 0
136100 904 1.1328e+29 0
136100 905 1.2219e+29 0
136100 906 8.9395e+28 0
136100 907 8.4855e+28 0
136100 908 1.0782e+29 0
136100 909 1.1162e+29 0
136100 910 1.1663e+29 0
136100 911 1.1034e+29 0
136100 912 1.0167e+29 0
136100 913 9.6579e+28 0
136100 914 8.1745e+28 0
136100 915 7.3493e+28 0
136100 916 7.3729e+28 0
136100 917 1.0206e+29 0
136100 918 1.0529e+29 0
136100 919 1.1885e+29 0
136100 920 8.4373e+28 0
136100 921 1.1098e+29 0
136100 922 6.4897e+28 0
136100 923 1.1680e+29 0
136100 924 1.1819e+29 0
136100 925 1.0032e+29 0
136100 926 1.0128e+29 0
136100 927 1.0720e+29 0
136100 928 9.8686e+28 0
136100 929 1.2428e+29 0
136100 930 8.0745e+28 0
136100 931 1.0485e+29 0
136100 932 1.1389e+29 0
136100 933 1.0304e+29 0
136100 934 9.8466e+28 0
136100 935 1.0280e+29 0
136100 936 1.0660e+29 0
136100 937 1.1077e+29 0
136100 938 5.6587e+28 0
136100 939 1.1743e+29 0
136100 940 9.9759e+28 0
136100 941 1.1209e+29 0
136100 942 9.2464e+28 0
136100 943 1.0487e+29 0
136100 944 1.5431e+29 0
136100 945 1.0741e+29 0
136100 946 1.0159e+29 0
136100 947 7.5854e+28 0
136100 948 1.1751e+29 0
136100 949 1.2324e+29 0
136100 950 1.0405e+29 0
136100 951 9.7177e+28 0
136100 952 9.5870e+28 0
136100 953 1.0879e+29 0
136100 954 9.9572e+28 0
136100 955 1.0206e+29 0
136100 956 1.1555e+29 0
136100 957 6.9420e+28 0
136100 958 6.5517e+28 0
136100 959 9.0721e+28 0
136100 960 7.4341e+28 0
136100 961 9.3885e+28 0
136100 962 1.3016e+29 0
136100 963 7.8028e+28 0
136100 964 7.7734e+28 0
136100 965 8.0419e+28 0
136100 966 8.2961e+28 0
136100 967 1.0691e+29 0
136100 968 1.0068e+29 0
136100 969 7.8775e+28 0
136100 970 1.2719e+29 0
136100 971 8.5125e+28 0
136100 972 1.0891e+29 0
136100 973 1.0952e+29 0
136100 974 1.2647e+29 0
136100 975 9.4625e+28 0
136100 976 7.5419e+28 0
136100 977 1.1389e+29 0
136100 978 1.1097e+29 0
136100 979 7.4635e+28 0
136100 980 1.0521e+29 0
136100 981 1.0089e+29 0
136100 982 9.6392e+28 0
136100 983 7.5564e+28 0
136100 984 8.2400e+28 0
136100 985 1.2026e+29 0
136100 986 9.2440e+28 0
136100 987 8.4427e+28 0
136100 988 1.1908e+29 0
136100 989 1.1014e+29 0
136100 990 8.9679e+28 0
136100 991 9.2440e+28 0
136100 992 8.7208e+28 0
136100 993 8.8560e+28 0
136100 994 1.1270e+29 0
136100 995 1.0405e+29 0
136100 996 7.4441e+28 0
136100 997 1.1479e+29 0
136100 998 8.9989e+28 0
136100 999 8.8036e+28 0
136100 1000 8.4214e+28 0
136100 1001 1.1841e+29 0
136100 1002 8.9223e+28 0
136100 1003 9.2060e+28 0
136100 1004 8.2137e+28 0
136100 1005 9.1877e+28 0
136100 1006 1.4557e+29 0
136100 1007 9.8600e+28 0
136100 1008 1.1012e+29 0
136100 1009 1.0363e+29 0
136100 1010 1.0952e+29 0
136100 1011 9.6088e+28 0
136100 1012 9.5553e+28 0
136100 1013 8.3116e+28 0
136100 1014 1.3527e+29 0
136100 1015 8.6614e+28 0
136100 1016 1.1671e+29 0
136100 1017 1.0405e+29 0
136100 1018 9.5468e+28 0
136100 1019 1.1186e+29 0
136100 1020 1.0099e+29 0
136100 1021 1.0858e+29 0
136100 1022 1.1037e+29 0
136100 1023 9.6020e+28 0
136100 1024 6.0821e+28 0
136100 1025 9.3319e+28 0
136100 1026 6.0604e+28 0
136100 1027 1.1291e+29 0
136100 1028 1.2334e+29 0
136100 1029 1.0906e+29 0
136100 1030 6.4012e+28 0
136100 1031 8.3271e+28 0
136100 1032 1.5021e+29 0
136100 1033 8.5908e+28 0
136100 1034 1.2388e+29 0
136100 1035 6.8662e+28 0
136100 1036 1.0467e+29 0
136100 1037 9.5672e+28 0
136100 1038 8.8710e+28 0
136100 1039 8.4214e+28 0
136100 1040 1.1479e+29 0
136100 1041 8.8036e+28 0
136100 1042 1.0911e+29 0
136100 1043 9.6448e+28 0
136100 1044 9.1695e+28 0
136100 1045 1.0079e+29 0
136100 1046 8.8360e+28 0
136100 1047 7.8886e+28 0
136100 1048 1.0600e+29 0
136100 1049 1.1841e+29 0
136100 1050 6.8018e+28 0
136100 1051 8.5988e+28 0
136100 1052 9.4849e+28 0
136100 1053 1.1646e+29 0
136100 1054 1.0273e+29 0
136100 1055 1.0040e+29 0
136100 1056 8.3091e+28 0
136100 1057 1.1446e+29 0
136100 1058 1.1375e+29 0
136100 1059 7.3616e+28 0
136100 1060 1.0199e+29 0
136100 1061 9.5462e+28 0
136100 1062 9.9277e+28 0
136100 1063 8.1745e+28 0
136100 1064 1.1291e+29 0
136100 1065 9.5024e+28 0
136100 1066 8.0142e+28 0
136100 1067 9.1334e+28 0
136100 1068 9.4439e+28 0
136100 1069 1.0906e+29 0
136100 1070 1.2225e+29 0
136100 1071 8.6166e+28 0
136100 1072 1.0324e+29 0
136100 1073 1.1887e+29 0
136100 1074 9.0266e+28 0
136100 1075 1.1248e+29 0
136100 1076 9.6579e+28 0
136100 1077 1.0445e+29 0
136100 1078 7.3568e+28 0
136100 1079 1.3209e+29 0
136100 1080 1.1389e+29 0
136100 1081 8.5281e+28 0
136100 1082 7.3760e+28 0
136100 1083 7.5180e+28 0
136100 1084 1.0405e+29 0
136100 1085 7.9844e+28 0
136100 1086 9.2797e+28 0
136100 1087 8.5179e+28 0
136100 1088 8.7347e+28 0
136100 1089 1.1375e+29 0
136100 1090 9.1265e+28 0
136100 1091 1.0128e+29 0
136100 1092 7.6153e+28 0
136100 1093 1.0720e+29 0
136100 1094 9.3812e+28 0
136100 1095 1.0342e+29 0
136100 1096 1.0327e+29 0
136100 1097 8.8765e+28 0
136100 1098 8.8541e+28 0
136100 1099 7.3046e+28 0
136100 1100 8.6093e+28 0
136100 1101 9.0442e+28 0
136100 1102 1.2911e+29 0
136100 1103 8.4214e+28 0
136100 1104 1.2647e+29 0
136100 1105 7.1312e+28 0
136100 1106 1.1865e+29 0
136100 1107 1.0731e+29 0
136100 1108 8.4044e+28 0
136100 1109 9.0640e+28 0
136100 1110 1.0647e+29 0
136100 1111 9.0171e+28 0
136100 1112 9.1910e+28 0
136100 1113 8.4533e+28 0
136100 1114 8.3438e+28 0
136100 1115 9.3471e+28 0
136100 1116 1.0550e+29 0
136100 1117 8.5681e+28 0
136100 1118 1.1055e+29 0
136100 1119 9.2971e+28 0
136100 1120 9.0797e+28 0
136100 1121 8.7319e+28 0
136100 1122 8.6166e+28 0
136100 1123 4.5368e+28 0
136100 1124 1.0508e+29 0
136100 1125 8.8913e+28 0
136100 1126 8.5017e+28 0
136100 1127 1.0794e+29 0
136100 1128 8.9015e+28 0
136100 1129 9.4694e+28 0
136100 1130 1.2787e+29 0
136100 1131 1.0225e+29 0
136100 1132 9.9079e+28 0
136100 1133 9.0266e+28 0
136100 1134 7.9382e+28 0
136100 1135 1.0405e+29 0
136100 1136 8.1745e+28 0
136100 1137 1.0677e+29 0
136100 1138 8.1596e+28 0
136100 1139 7.4989e+28 0
136100 1140 1.0384e+29 0
136100 1141 1.2769e+29 0
136100 1142 9.4381e+28 0
136100 1143 1.0327e+29 0
136100 1144 1.0668e+29 0
136100 1145 1.6510e+29 0
136100 1146 7.6888e+28 0
136100 1147 9.5468e+28 0
136100 1148 8.2771e+28 0
136100 1149 4.8080e+28 0
136100 1150 7.0064e+28 0
136100 1151 6.2745e+28 0
136100 1154 -0.0000e+00 0
136119 1 8.3252e+28 1
136119 2 9.4501e+28 1
136119 3 1.1298e+29 1
136119 4 9.0766e+28 1
136119 5 8.7079e+28 1
136119 6 1.0710e+29 1
136119 7 9.0524e+28 1
136119 8 1.0993e+29 1
136119 9 1.2669e+29 1
136119 10 6.1710e+28 1
136119 11 1.0304e+29 1
136119 12 9.9016e+28 1
136119 13 7.9689e+28 1
136119 14 8.5125e+28 1
136119 15 1.0348e+29 1
136119 16 9.0975e+28 1
136119 17 1.1523e+29 1
136119 18 7.6012e+28 1
136119 19 8.4399e+28 1
136119 20 9.3185e+28 1
136119 21 8.5342e+28 1
136119 22 9.9016e+28 1
136119 23 7.6590e+28 1
136119 24 1.0973e+29 1
136119 25 1.4031e+29 1
136119 26 9.4025e+28 1
136119 27 8.9346e+28 1
136119 28 1.1305e+29 1
136119 29 1.0040e+29 1
136119 30 8.0154e+28 1
136119 31 9.3520e+28 1
136119 32 1.1118e+29 1
136119 33 9.6206e+28 1
136119 34 1.1412e+29 1
136119 35 8.6000e+28 1
136119 36 3.0486e+28 1
136119 37 -0.0000e+00 0
136119 38 -0.0000e+00 0
136119 39 -0.0000e+00 0
136119 40 -0.0000e+00 0
136119 41 -0.0000e+00 0
136119 42 -0.0000e+00 0
136119 43 -0.0000e+00 0
136119 44 -0.0000e+00 0
136119 45 -0.0000e+00 0
136119 46 -0.0000e+00 0
136119 47 -0.0000e+00 0
136119 48 -0.0000e+00 0
136119 49 -0.0000e+00 0
136119 50 -0.0000e+00 0
136119 51 -0.0000e+00 0
136119 52 -0.0000e+00 0
136119 53 -0.0000e+00 0
136119 54 -0.0000e+00 0
136119 55 -0.0000e+00 0
136119 56 -0.0000e+00 0
136119 57 -0.0000e+00 0
136119 58 -0.0000e+00 0
136119 59 -0.0000e+00 0
136119 60 -0.0000e+00 0
136119 61 -0.0000e+00 0
136119 62 -0.0000e+00 0
136119 63 -0.0000e+00 0
136119 64 -0.0000e+00 0
136119 65 -0.0000e+00 0
136119 66 -0.0000e+00 0
136119 67 -0.0000e+00 0
136119 68 -0.0000e+00 0
136119 69 -0.0000e+00 0
136119 70 -0.0000e+00 0
136119 71 -0.0000e+00 0
136119 72 -0.0000e+00 0
136119 73 -0.0000e+00 0
136119 74 -0.0000e+00 0
136119 75 -0.0000e+00 0
136119 76 -0.0000e+00 0
136119 77 -0.0000e+00 0
136119 78 -0.0000e+00 0
136119 82 -0.0000e+00 0
136119 83 -0.0000e+00 0
136119 84 -0.0000e+00 0
136119 85 -0.0000e+00 0
136119 86 -0.0000e+00 0
136119 87 -0.0000e+00 0
136119 88 -0.0000e+00 0
136119 89 -0.0000e+00 0
136119 90 -0.0000e+00 0
136119 91 -0.0000e+00 0
136119 92 -0.0000e+00 0
