136035 1 2.4031e+28 1
136035 2 9.6725e+28 1
136035 3 2.4584e+28 1
136035 4 2.2376e+28 1
136035 5 3.0457e+28 1
136035 6 2.7673e+28 1
136035 7 3.8851e+28 1
136035 8 2.5830e+28 1
136035 9 1.7672e+28 1
136035 10 2.8311e+28 1
136035 11 2.4705e+28 1
136035 12 1.8434e+28 1
136035 13 5.1517e+28 1
136035 14 3.6490e+28 1
136035 15 3.3298e+28 1
136035 16 3.4427e+28 1
136035 17 2.7454e+28 1
136035 18 3.6547e+28 1
136035 19 3.4799e+28 1
136035 20 3.1684e+28 1
136035 21 2.8110e+28 1
136035 22 2.9701e+28 1
136035 23 4.7168e+28 1
136035 24 3.4335e+28 1
136035 25 3.2734e+28 1
136035 26 3.2115e+28 1
136035 27 2.3989e+28 1
136035 28 3.3287e+28 1
136035 29 2.8110e+28 1
136035 30 4.1828e+28 1
136035 31 4.0578e+28 1
136035 32 2.9505e+28 1
136035 33 3.7871e+28 1
136035 34 1.8053e+28 1
136035 35 2.3208e+28 1
136035 36 4.8105e+28 1
136035 37 2.6167e+28 1
136035 38 3.0002e+28 1
136035 39 3.1402e+28 1
136035 40 3.0345e+28 1
136035 41 3.1725e+28 1
136035 42 2.5409e+28 1
136035 43 3.6468e+28 1
136035 44 2.6038e+28 1
136035 45 3.3155e+28 1
136035 46 2.5354e+28 1
136035 47 2.9878e+28 1
136035 48 3.2054e+28 1
136035 49 3.7830e+28 1
136035 50 2.0933e+28 1
136035 51 2.3989e+28 1
136035 52 2.8234e+28 1
136035 53 4.0786e+28 1
136035 54 1.7554e+28 0
136035 55 3.1008e+28 1
136035 56 3.3218e+28 1
136035 57 3.8672e+28 1
136035 58 3.0655e+28 1
136035 59 2.3040e+28 1
136035 60 3.8331e+28 1
136035 61 3.2350e+28 1
136035 62 2.5243e+28 1
136035 63 3.8415e+28 1
136035 64 2.7454e+28 1
136035 65 4.2367e+28 1
136035 66 2.8610e+28 1
136035 67 2.9420e+28 1
136035 68 2.1323e+28 1
136035 69 2.7988e+28 1
136035 70 3.5115e+28 1
136035 71 2.6106e+28 1
136035 72 1.9463e+28 1
136035 73 2.7509e+28 1
136035 74 2.7956e+28 1
136035 75 2.6792e+28 1
136035 76 4.7698e+28 1
136035 77 2.6106e+28 1
136035 78 3.4871e+28 1
136035 79 3.0391e+28 1
136035 80 4.1625e+28 1
136035 81 4.1348e+28 1
136035 82 3.0261e+28 1
136035 83 1.9421e+28 1
136035 84 4.3780e+28 1
136035 85 1.5991e+28 1
136035 86 3.8246e+28 1
136035 87 3.8355e+28 1
136035 88 1.5635e+28 1
136035 89 3.2940e+28 1
136035 90 1.8492e+28 1
136035 91 4.1381e+28 1
136035 92 3.2261e+28 1
136035 93 2.0786e+28 1
136035 94 2.5025e+28 1
136035 95 2.2887e+28 1
136035 96 2.7867e+28 1
136035 97 2.1480e+28 1
136035 98 2.8043e+28 1
136035 99 2.0521e+28 1
136035 100 2.6515e+28 1
136035 101 3.1469e+28 1
136035 102 1.9724e+28 1
136035 103 2.6795e+28 1
136035 104 2.8802e+28 1
136035 105 3.2784e+28 1
136035 106 2.5979e+28 1
136035 107 1.6976e+28 1
136035 108 2.8484e+28 1
136035 109 2.7276e+28 1
136035 110 3.5294e+28 1
136035 111 2.3357e+28 1
136035 112 3.4655e+28 1
136035 113 1.5647e+28 1
136035 114 2.6795e+28 1
136035 115 3.1330e+28 1
136035 116 3.7024e+28 1
136035 117 4.7260e+28 1
136035 118 2.5800e+28 1
136035 119 3.9533e+28 1
136035 120 3.7604e+28 1
136035 121 3.4107e+28 1
136035 122 3.6373e+28 1
136035 123 3.6291e+28 1
136035 124 3.1126e+28 1
136035 125 3.0878e+28 1
136035 126 2.8610e+28 1
136035 127 3.3957e+28 1
136035 128 1.8542e+28 1
136035 129 2.3971e+28 1
136035 130 2.4811e+28 1
136035 131 2.8099e+28 1
136035 132 3.1126e+28 1
136035 133 3.3705e+28 1
136035 134 2.2836e+28 1
136035 135 2.7085e+28 1
136035 136 1.9805e+28 1
136035 137 6.4416e+28 1
136035 138 2.7033e+28 1
136035 139 2.8671e+28 1
136035 140 3.4874e+28 1
136035 141 3.5614e+28 1
136035 142 3.5490e+28 1
136035 143 3.0197e+28 1
136035 144 4.5485e+28 1
136035 145 2.5348e+28 1
136035 146 2.0094e+28 1
136035 147 1.7594e+28 1
136035 148 3.0655e+28 1
136035 149 2.4652e+28 1
136035 150 2.3013e+28 1
136035 151 2.7787e+28 1
136035 152 2.5840e+28 1
136035 153 3.8031e+28 1
136035 154 3.0457e+28 1
136035 155 3.8095e+28 1
136035 156 2.7334e+28 1
136035 157 3.9189e+28 1
136035 158 3.3661e+28 1
136035 159 3.5877e+28 1
136035 160 2.4600e+28 1
136035 161 3.7043e+28 1
136035 162 3.7634e+28 1
136035 163 3.2458e+28 1
136035 164 4.5896e+28 1
136035 165 3.7474e+28 1
136035 166 3.3150e+28 1
136035 167 3.1922e+28 1
136035 168 2.7149e+28 1
136035 169 3.8696e+28 1
136035 170 3.2633e+28 1
136035 171 3.5257e+28 1
136035 172 2.1913e+28 1
136035 173 4.2924e+28 1
136035 174 4.0199e+28 1
136035 175 3.4939e+28 1
136035 176 3.2115e+28 1
136035 177 2.1636e+28 1
136035 178 3.3227e+28 1
136035 179 3.3246e+28 1
136035 180 2.1058e+28 1
136035 181 3.7245e+28 1
136035 182 2.7149e+28 1
136035 183 2.7392e+28 1
136035 184 1.5991e+28 1
136035 185 3.0142e+28 1
136035 186 2.3815e+28 1
136035 187 3.1472e+28 1
136035 188 3.1275e+28 1
136035 189 3.4643e+28 1
136035 190 3.1671e+28 1
136035 191 3.1604e+28 1
136035 192 3.0655e+28 1
136035 193 2.8251e+28 1
136035 194 2.4786e+28 1
136035 195 3.0008e+28 1
136035 196 1.9565e+28 1
136035 197 4.5943e+28 1
136035 198 2.4985e+28 1
136035 199 2.3786e+28 1
136035 200 2.7504e+28 1
136035 201 3.5726e+28 1
136035 202 3.2390e+28 1
136035 203 2.4291e+28 1
136035 204 2.6946e+28 1
136035 205 2.3013e+28 1
136035 206 2.4730e+28 1
136035 207 3.2664e+28 1
136035 208 3.9183e+28 0
136035 209 2.7047e+28 1
136035 210 2.0521e+28 1
136035 211 2.8075e+28 1
136035 212 2.3792e+28 1
136035 213 2.8674e+28 1
136035 214 3.7595e+28 1
136035 215 2.9815e+28 1
136035 216 3.2527e+28 1
136035 217 2.3062e+28 1
136035 218 2.8192e+28 1
136035 219 3.3155e+28 1
136035 220 3.4799e+28 1
136035 221 3.4062e+28 1
136035 222 2.6878e+28 1
136035 223 4.1348e+28 1
136035 224 4.6650e+28 1
136035 225 3.0838e+28 1
136035 226 3.0261e+28 1
136035 227 2.5578e+28 1
136035 228 2.2869e+28 1
136035 229 3.3705e+28 1
136035 230 2.1690e+28 1
136035 231 3.4128e+28 1
136035 232 2.7047e+28 1
136035 233 2.4130e+28 1
136035 234 2.9394e+28 1
136035 235 3.2083e+28 1
136035 236 2.5194e+28 1
136035 237 3.1549e+28 1
136035 238 2.8296e+28 1
136035 239 4.6229e+28 1
136035 240 3.4411e+28 1
136035 241 2.7047e+28 1
136035 242 2.7844e+28 1
136035 243 3.5036e+28 1
136035 244 3.0759e+28 1
136035 245 2.7673e+28 1
136035 246 2.1763e+28 1
136066 1 -0.0000e+00 0
136066 2 -0.0000e+00 0
136066 3 -0.0000e+00 0
136066 4 -0.0000e+00 0
136066 5 -0.0000e+00 0
136066 6 -0.0000e+00 0
136066 7 -0.0000e+00 0
136066 8 -0.0000e+00 0
136066 9 -0.0000e+00 0
136066 10 -0.0000e+00 0
136066 11 -0.0000e+00 0
136066 12 -0.0000e+00 0
136066 13 -0.0000e+00 0
136066 14 -0.0000e+00 0
136066 15 -0.0000e+00 0
136066 16 -0.0000e+00 0
136066 17 -0.0000e+00 0
136066 18 -0.0000e+00 0
136066 19 -0.0000e+00 0
136066 20 -0.0000e+00 0
136066 21 -0.0000e+00 0
136066 22 -0.0000e+00 0
136066 23 -0.0000e+00 0
136066 24 -0.0000e+00 0
136066 25 -0.0000e+00 0
136066 26 -0.0000e+00 0
136066 27 -0.0000e+00 0
136066 28 -0.0000e+00 0
136066 29 -0.0000e+00 0
136066 30 -0.0000e+00 0
136066 31 -0.0000e+00 0
136066 32 -0.0000e+00 0
136066 33 -0.0000e+00 0
136066 34 -0.0000e+00 0
136066 35 -0.0000e+00 0
136066 36 -0.0000e+00 0
136066 37 -0.0000e+00 0
136066 38 -0.0000e+00 0
136066 39 -0.0000e+00 0
136066 40 -0.0000e+00 0
136066 41 -0.0000e+00 0
136066 42 -0.0000e+00 0
136066 43 -0.0000e+00 0
136066 44 -0.0000e+00 0
136066 45 -0.0000e+00 0
136066 46 -0.0000e+00 0
136066 47 -0.0000e+00 0
136066 48 -0.0000e+00 0
136066 49 -0.0000e+00 0
136066 50 -0.0000e+00 0
136066 51 -0.0000e+00 0
136066 52 -0.0000e+00 0
136066 53 -0.0000e+00 0
136066 54 -0.0000e+00 0
136066 55 -0.0000e+00 0
136066 56 -0.0000e+00 0
136066 57 -0.0000e+00 0
136066 58 -0.0000e+00 0
136066 59 -0.0000e+00 0
136066 60 -0.0000e+00 0
136066 61 -0.0000e+00 0
136066 62 -0.0000e+00 0
136066 63 -0.0000e+00 0
136066 64 -0.0000e+00 0
136066 65 -0.0000e+00 0
136066 66 -0.0000e+00 0
136066 67 -0.0000e+00 1
136066 68 -0.0000e+00 1
136066 69 -0.0000e+00 1
136066 70 -0.0000e+00 1
136066 71 -0.0000e+00 1
136066 72 -0.0000e+00 1
136066 73 -0.0000e+00 1
136066 74 -0.0000e+00 1
136066 75 -0.0000e+00 1
136066 76 -0.0000e+00 1
136066 77 -0.0000e+00 1
136066 78 -0.0000e+00 1
136066 79 -0.0000e+00 1
136066 80 -0.0000e+00 1
136066 81 -0.0000e+00 1
136066 82 -0.0000e+00 1
136066 83 -0.0000e+00 1
136066 84 -0.0000e+00 1
136066 85 -0.0000e+00 1
136066 86 -0.0000e+00 1
136066 87 -0.0000e+00 1
136066 88 -0.0000e+00 1
136066 89 -0.0000e+00 1
136066 90 -0.0000e+00 1
136066 91 -0.0000e+00 1
136066 92 -0.0000e+00 1
136066 93 -0.0000e+00 1
136066 94 -0.0000e+00 1
136066 95 -0.0000e+00 1
136066 96 -0.0000e+00 1
136066 97 -0.0000e+00 1
136066 98 -0.0000e+00 1
136066 99 -0.0000e+00 1
136066 100 -0.0000e+00 1
136066 101 -0.0000e+00 1
136066 102 -0.0000e+00 1
136066 103 -0.0000e+00 1
136066 104 -0.0000e+00 1
136066 105 -0.0000e+00 1
136066 106 -0.0000e+00 1
136066 107 -0.0000e+00 1
136066 108 -0.0000e+00 1
136066 109 -0.0000e+00 1
136066 110 -0.0000e+00 0
136066 111 -0.0000e+00 0
136066 112 -0.0000e+00 1
136066 113 -0.0000e+00 1
136066 114 -0.0000e+00 1
136066 115 -0.0000e+00 1
136066 116 -0.0000e+00 1
136066 117 -0.0000e+00 1
136066 118 -0.0000e+00 1
136066 119 -0.0000e+00 1
136066 120 -0.0000e+00 1
136066 121 -0.0000e+00 1
136066 122 -0.0000e+00 1
136066 123 -0.0000e+00 1
136066 124 -0.0000e+00 1
136066 125 -0.0000e+00 1
136066 126 -0.0000e+00 1
136066 127 -0.0000e+00 1
136066 128 -0.0000e+00 1
136066 129 -0.0000e+00 1
136066 130 -0.0000e+00 1
136066 131 -0.0000e+00 1
136066 132 -0.0000e+00 1
136066 133 -0.0000e+00 1
136066 134 -0.0000e+00 1
136066 135 -0.0000e+00 1
136066 136 -0.0000e+00 1
136066 137 -0.0000e+00 1
136066 138 -0.0000e+00 1
136066 139 -0.0000e+00 1
136066 140 -0.0000e+00 1
136066 141 -0.0000e+00 1
136066 142 -0.0000e+00 1
136066 143 -0.0000e+00 1
136066 144 -0.0000e+00 0
136066 145 -0.0000e+00 1
136066 146 -0.0000e+00 1
136066 147 -0.0000e+00 1
136066 148 -0.0000e+00 1
136066 149 -0.0000e+00 1
136066 150 -0.0000e+00 1
136066 151 -0.0000e+00 1
136066 152 -0.0000e+00 1
136066 153 -0.0000e+00 1
136066 154 -0.0000e+00 1
136066 155 -0.0000e+00 1
136066 156 -0.0000e+00 1
136066 157 -0.0000e+00 1
136066 158 -0.0000e+00 1
136066 159 -0.0000e+00 1
136066 160 -0.0000e+00 1
136066 161 -0.0000e+00 1
136066 162 -0.0000e+00 1
136066 163 -0.0000e+00 1
136066 164 -0.0000e+00 1
136066 165 -0.0000e+00 1
136066 166 -0.0000e+00 1
136066 167 -0.0000e+00 1
136066 168 -0.0000e+00 1
136066 169 -0.0000e+00 1
136066 170 -0.0000e+00 1
136066 171 -0.0000e+00 1
136066 172 -0.0000e+00 1
136066 173 -0.0000e+00 1
136066 174 -0.0000e+00 1
136066 175 -0.0000e+00 1
136066 176 -0.0000e+00 1
136066 177 -0.0000e+00 1
136066 178 -0.0000e+00 1
136066 179 -0.0000e+00 1
136066 180 2.5290e+27 1
136066 181 3.9795e+28 1
136066 182 2.6822e+28 1
136066 183 2.7568e+28 1
136066 184 2.3460e+28 1
136066 185 3.5388e+28 1
136066 186 2.8610e+28 1
136066 187 3.0197e+28 1
136066 188 2.1546e+28 1
136066 189 4.5940e+28 1
136066 190 3.8938e+28 1
136066 191 2.6792e+28 1
136066 192 2.5885e+28 1
136066 193 3.6621e+28 1
136066 194 2.5748e+28 1
136066 195 3.2734e+28 1
136066 196 2.7787e+28 1
136066 197 3.7182e+28 1
136066 198 4.0420e+28 1
136066 199 1.9525e+28 1
136066 200 3.7951e+28 1
136066 201 3.1898e+28 1
136066 202 3.3227e+28 1
136066 203 3.2350e+28 1
136066 204 2.4730e+28 1
136066 205 4.0408e+28 1
136066 206 2.9723e+28 1
136066 207 4.4310e+28 1
136066 208 2.3307e+28 1
136066 209 3.4032e+28 1
136066 210 1.8205e+28 1
136066 211 3.3957e+28 1
136066 212 2.3660e+28 1
136066 213 2.7448e+28 1
136066 214 2.6851e+28 1
136066 215 2.5079e+28 1
136066 216 3.1469e+28 1
136066 217 3.3705e+28 1
136066 218 3.1876e+28 1
136066 219 4.7597e+28 1
136066 220 2.5578e+28 1
136066 221 4.1828e+28 1
136066 222 2.6328e+28 1
136066 223 3.2293e+28 1
136066 224 2.5401e+28 1
136066 225 1.8131e+28 1
136066 226 2.1913e+28 1
136066 227 2.5243e+28 1
136066 228 2.5691e+28 1
136066 229 3.3370e+28 1
136066 230 3.6100e+28 1
136066 231 4.2512e+28 1
136066 232 4.0156e+28 1
136066 233 3.1945e+28 1
136066 234 3.9183e+28 1
136066 235 4.1839e+28 1
136066 236 2.1385e+28 1
136066 237 2.2869e+28 1
136066 238 3.5647e+28 1
136066 239 2.9166e+28 1
136066 240 3.3951e+28 1
136066 241 2.5025e+28 1
136066 242 1.7594e+28 1
136066 243 4.1081e+28 1
136066 244 4.4576e+28 1
136066 245 3.5886e+28 1
136066 246 3.0551e+28 1
136066 247 4.3104e+28 1
136066 248 3.2558e+28 1
136066 249 3.0142e+28 1
136066 250 3.2691e+28 1
136066 251 4.3116e+28 1
136066 252 4.0972e+28 1
136066 253 3.2940e+28 1
136066 254 4.1449e+28 1
136066 255 2.7227e+28 1
136066 256 2.1604e+28 1
136066 257 1.8492e+28 1
136066 258 3.5729e+28 1
136066 259 2.8610e+28 1
136066 260 3.3844e+28 1
136066 261 3.4078e+28 1
136066 262 3.0457e+28 1
136066 263 2.8961e+28 1
136066 264 3.5179e+28 1
136066 265 3.0814e+28 1
136066 266 4.3468e+28 1
136066 267 2.5721e+28 1
136066 268 2.6162e+28 1
136066 269 3.2558e+28 1
136066 270 4.5883e+28 1
136066 271 2.6969e+28 1
136066 272 2.4842e+28 1
136066 273 2.5595e+28 1
136066 274 2.7901e+28 1
136066 275 3.2364e+28 1
136066 276 2.5995e+28 1
136066 277 1.3162e+28 1
136066 278 2.7807e+28 1
136066 279 3.5357e+28 1
136066 280 2.4971e+28 1
136066 281 3.4300e+28 1
136066 282 2.5088e+28 1
136066 283 3.7830e+28 1
136066 284 2.1591e+28 1
136066 285 3.0209e+28 1
136066 286 3.4183e+28 1
136066 287 3.5637e+28 1
136066 288 3.7262e+28 1
136066 289 3.2415e+28 1
136066 290 2.9443e+28 1
136066 291 2.8726e+28 1
136066 292 4.3678e+28 1
136066 293 2.5885e+28 1
136066 294 3.0522e+28 1
136066 295 2.9941e+28 1
136066 296 2.6658e+28 1
136066 297 3.1073e+28 1
136066 298 4.1976e+28 0
136066 299 2.2309e+28 1
136066 300 2.2447e+28 1
136066 301 3.7616e+28 1
136066 302 2.5479e+28 1
136066 303 2.6218e+28 1
136066 304 4.2512e+28 1
136066 305 2.7227e+28 1
136066 306 2.3763e+28 1
136066 307 2.8867e+28 1
136066 308 3.3957e+28 1
136066 309 2.6050e+28 1
136066 310 2.6766e+28 1
136066 311 4.2878e+28 1
136066 312 3.3227e+28 1
136066 313 3.4727e+28 1
136066 314 2.2019e+28 1
136066 315 2.5296e+28 1
136066 316 2.6675e+28 1
136066 317 2.7640e+28 1
136066 318 2.8916e+28 1
136066 319 1.4797e+28 1
136066 321 3.4799e+28 1
136066 323 3.4636e+28 1
136066 324 2.0669e+28 1
136066 325 3.5614e+28 1
136066 326 4.6547e+28 1
136066 327 4.6612e+28 1
136066 328 4.2786e+28 1
136066 329 4.6213e+28 1
136066 330 4.9825e+28 1
136066 331 4.9586e+28 1
136066 332 5.4022e+28 1
136066 333 4.3212e+28 1
136066 334 3.4871e+28 1
136066 335 4.6650e+28 1
136066 336 3.8644e+28 1
136066 338 3.4183e+28 1
136066 339 5.2969e+28 1
136066 340 4.7907e+28 1
136066 341 5.0874e+28 1
136066 342 4.4792e+28 1
136066 343 6.2152e+28 1
136066 344 5.1396e+28 1
136066 345 5.1194e+28 1
136066 346 4.6855e+28 1
136066 347 3.4229e+28 1
136066 348 3.0482e+28 1
136066 349 4.3917e+28 0
136066 350 6.0115e+28 1
136066 351 4.6780e+28 1
136066 352 3.8437e+28 1
136066 353 4.1009e+28 1
136066 354 3.8079e+28 1
136066 355 4.7799e+28 1
136066 356 4.0024e+28 1
136066 357 5.3988e+28 1
136066 358 5.3315e+28 1
136066 359 4.0283e+28 1
136066 360 5.4142e+28 1
136066 361 4.9793e+28 1
136066 362 5.2081e+28 1
136066 363 4.0100e+28 1
136066 364 4.1455e+28 1
136066 365 5.2289e+28 1
136066 366 5.7956e+28 1
136066 368 3.2487e+28 1
136066 369 4.9588e+28 1
136066 370 5.0506e+28 1
136066 371 4.1828e+28 1
136066 372 4.8105e+28 1
136066 373 4.2452e+28 1
136066 374 3.6403e+28 1
136066 375 4.7273e+28 1
136066 376 3.4280e+28 1
136066 377 4.2694e+28 1
136066 378 5.5223e+28 1
136066 379 3.6152e+28 1
136066 380 5.9789e+28 1
136066 381 5.5878e+28 1
136066 382 3.1604e+28 1
136066 383 5.5754e+28 1
136066 384 4.3309e+28 1
136066 385 5.4305e+28 1
136066 386 6.9919e+28 1
136066 387 3.1195e+28 1
136066 388 5.1098e+28 1
136066 389 4.5108e+28 1
136066 390 4.2266e+28 1
136066 391 3.4411e+28 1
136066 392 4.6580e+28 1
136066 393 5.5141e+28 1
136066 394 6.8780e+28 1
136066 395 7.5643e+28 1
136066 396 4.9646e+28 1
136066 397 5.9040e+28 1
136066 398 5.0966e+28 1
136066 399 6.0098e+28 1
136066 400 4.1724e+28 1
136066 401 4.9534e+28 1
136066 402 5.9362e+28 1
136066 403 5.6390e+28 1
136066 404 5.2724e+28 1
136066 405 6.5413e+28 1
136066 406 3.7477e+28 1
136066 407 5.2689e+28 1
136066 408 4.9987e+28 1
136066 409 4.5451e+28 1
136066 410 6.1344e+28 1
136066 411 5.2541e+28 1
136066 412 6.5014e+28 1
136066 413 6.1060e+28 1
136066 414 4.7796e+28 1
136066 415 5.5656e+28 1
136066 416 6.4202e+28 1
136066 417 6.0639e+28 1
136066 418 5.1632e+28 1
136066 419 4.2829e+28 1
136066 420 5.2177e+28 1
136066 421 6.4043e+28 1
136066 422 5.3839e+28 1
136066 423 5.9142e+28 1
136066 424 5.3903e+28 1
136066 425 5.8819e+28 1
136066 426 4.6855e+28 1
136066 427 5.3112e+28 1
136066 428 5.8490e+28 1
136066 429 6.3657e+28 1
136066 430 6.1605e+28 1
136066 431 5.2425e+28 1
136066 432 5.1276e+28 1
136066 433 4.2603e+28 1
136066 434 6.4982e+28 1
136066 435 6.5269e+28 1
136066 436 6.0938e+28 1
136066 437 6.7359e+28 1
136066 438 7.1587e+28 1
136066 439 6.4043e+28 1
136066 440 4.5729e+28 1
136066 441 5.3903e+28 1
136066 442 6.9360e+28 1
136066 443 5.1741e+28 1
136066 444 5.7218e+28 1
136066 445 6.0947e+28 1
136066 446 5.0966e+28 1
136066 447 5.2891e+28 1
136066 448 5.6744e+28 1
136066 449 5.1629e+28 1
136066 450 4.7920e+28 1
136066 451 7.2886e+28 1
136066 452 4.1808e+28 1
136066 453 5.2819e+28 1
136066 454 5.3606e+28 1
136066 455 6.1205e+28 1
136066 456 6.2032e+28 1
136066 457 4.0922e+28 1
136066 458 6.0686e+28 1
136066 459 6.1344e+28 1
136066 460 4.8012e+28 1
136066 461 5.6869e+28 1
136066 462 3.8331e+28 1
136066 463 6.4192e+28 1
136066 464 4.4678e+28 1
136066 465 5.7342e+28 1
136066 466 5.1944e+28 1
136066 467 4.5585e+28 1
136066 468 5.3222e+28 1
136066 469 5.9595e+28 1
136066 470 4.5354e+28 1
136066 471 6.4551e+28 1
136066 472 7.2161e+28 1
136066 473 4.8979e+28 1
136066 474 4.1333e+28 1
136066 475 4.4111e+28 1
136066 476 4.6880e+28 1
136066 477 4.6187e+28 1
136066 478 4.0879e+28 1
136066 479 5.1967e+28 1
136066 480 6.6144e+28 1
136066 481 6.0427e+28 1
136066 482 4.1449e+28 1
136066 483 4.4598e+28 1
136066 484 4.2657e+28 1
136066 485 4.1009e+28 1
136066 486 5.1409e+28 1
136066 487 4.6612e+28 1
136066 488 6.2735e+28 1
136066 489 5.9142e+28 1
136066 490 5.3084e+28 1
136066 491 4.4310e+28 1
136066 492 6.0143e+28 1
136066 493 6.7169e+28 1
136066 494 6.5958e+28 1
136066 495 4.8223e+28 1
136066 496 4.1990e+28 1
136066 497 3.2649e+28 1
136066 498 5.0454e+28 1
136066 499 4.5834e+28 1
136066 500 6.3006e+28 1
136066 501 4.8294e+28 1
136066 502 7.0395e+28 1
136066 503 3.7910e+28 1
136066 504 5.1403e+28 1
136066 505 6.5733e+28 1
136066 506 5.9034e+28 1
136066 507 6.1893e+28 1
136066 508 5.3296e+28 1
136066 509 5.8173e+28 1
136066 510 4.5549e+28 1
136066 511 2.9734e+28 1
136066 512 5.7021e+28 1
136066 513 4.0578e+28 1
136066 514 5.9193e+28 1
136066 515 4.3745e+28 1
136066 516 6.2842e+28 1
136066 517 5.7676e+28 1
136066 518 5.7505e+28 1
136066 519 5.4871e+28 1
136066 520 5.4093e+28 1
136066 521 4.3233e+28 1
136066 522 5.2819e+28 1
136066 523 5.7593e+28 1
136066 524 4.4861e+28 1
136066 525 4.9592e+28 1
136066 526 3.8768e+28 1
136066 527 5.2657e+28 1
136066 528 5.4577e+28 1
136066 529 4.4780e+28 1
136066 530 5.3549e+28 0
136066 531 6.7339e+28 0
136066 532 5.1295e+28 1
136066 533 5.0297e+28 1
136066 534 5.2310e+28 1
136066 535 6.8700e+28 1
136066 536 5.3485e+28 1
136066 537 5.2269e+28 1
136066 538 4.8713e+28 1
136066 539 5.7719e+28 1
136066 540 5.6691e+28 1
136066 541 4.9646e+28 1
136066 542 6.7359e+28 1
136066 543 3.6480e+28 1
136066 544 5.0583e+28 1
136066 546 6.1149e+28 1
136066 547 4.3014e+28 1
136066 548 4.8117e+28 1
136066 549 5.2740e+28 1
136066 550 6.6591e+28 1
136066 551 4.6660e+28 1
136066 552 5.3666e+28 1
136066 553 5.7094e+28 1
136066 554 4.4953e+28 1
136066 555 5.8685e+28 1
136066 556 7.8553e+28 1
136066 557 5.4838e+28 1
136066 558 5.6915e+28 1
136066 559 7.0799e+28 1
136066 560 4.6344e+28 1
136066 561 5.5119e+28 1
136066 562 5.3666e+28 1
136066 563 4.2835e+28 1
136066 564 4.7198e+28 1
136066 565 6.1344e+28 1
136066 566 5.5141e+28 1
136066 567 6.1745e+28 1
136066 568 4.6435e+28 1
136066 569 3.4512e+28 1
136066 570 7.7156e+28 1
136066 571 4.1065e+28 1
136066 572 5.3333e+28 1
136066 573 4.8761e+28 1
136066 574 4.6855e+28 1
136066 575 5.6482e+28 1
136066 576 4.1195e+28 1
136066 577 5.7996e+28 1
136066 578 5.2891e+28 1
136066 579 5.0029e+28 1
136066 580 4.6912e+28 1
136066 581 4.7001e+28 1
136066 582 7.0738e+28 1
136066 583 7.2882e+28 1
136066 584 5.6254e+28 1
136066 585 5.5000e+28 1
136066 586 5.3199e+28 1
136066 587 4.1446e+28 1
136066 588 4.9247e+28 1
136066 589 6.1745e+28 1
136066 590 4.5257e+28 1
136066 591 3.9195e+28 1
136066 592 4.5834e+28 1
136066 593 5.8257e+28 1
136066 594 4.2679e+28 1
136066 595 6.8253e+28 1
136066 596 5.1517e+28 0
136066 597 6.3021e+28 1
136066 598 5.6247e+28 1
136066 599 5.0178e+28 1
136066 600 5.8100e+28 1
136066 601 5.8935e+28 1
136066 602 5.9699e+28 1
136066 603 5.8935e+28 1
136066 604 4.3603e+28 1
136066 605 4.2220e+28 1
136066 606 4.9415e+28 1
136066 607 5.0857e+28 1
136066 608 4.6515e+28 1
136066 609 4.2006e+28 1
136066 610 5.0533e+28 1
136066 611 3.8217e+28 1
136066 612 6.4922e+28 1
136066 613 6.8566e+28 1
136066 614 4.8003e+28 1
136066 615 5.0748e+28 1
136066 616 7.0444e+28 1
136066 617 4.6285e+28 1
136066 618 6.5308e+28 1
136066 619 5.0287e+28 1
136066 620 6.5008e+28 1
136066 621 3.4950e+28 1
136066 622 6.4416e+28 1
136066 623 4.3946e+28 1
136066 624 5.8895e+28 1
136066 625 6.3860e+28 1
136066 626 5.0448e+28 1
136066 627 5.1741e+28 1
136066 628 4.9747e+28 1
136066 629 4.4953e+28 1
136066 630 5.3432e+28 1
136066 631 4.7484e+28 1
136066 632 4.6855e+28 1
136066 633 3.9189e+28 1
136066 634 5.2425e+28 1
136066 635 5.0396e+28 1
136066 636 4.3917e+28 1
136066 637 3.9989e+28 1
136066 638 4.0193e+28 1
136066 639 5.3609e+28 1
136066 640 6.6785e+28 1
136066 641 4.5232e+28 1
136066 642 5.3084e+28 1
136066 643 3.9683e+28 1
136066 644 5.9040e+28 1
136066 645 5.5368e+28 1
136066 646 5.8617e+28 1
136066 647 5.3602e+28 1
136066 648 5.4383e+28 1
136066 649 5.0141e+28 1
136066 650 4.1622e+28 1
136066 651 5.3009e+28 1
136066 652 7.1980e+28 1
136066 653 5.1944e+28 1
136066 654 5.3727e+28 1
136066 655 4.5086e+28 1
136066 656 4.1272e+28 1
136066 657 6.6293e+28 1
136066 658 4.5257e+28 1
136066 659 5.3916e+28 1
136066 660 4.3932e+28 1
136066 661 4.6344e+28 1
136066 662 2.6502e+28 1
136066 663 4.7378e+28 1
136066 664 5.2740e+28 1
136066 665 4.5943e+28 1
136066 666 5.3381e+28 1
136066 667 4.5788e+28 1
136066 668 3.7830e+28 1
136066 669 5.8685e+28 1
136066 670 5.4841e+28 1
136066 671 3.4090e+28 1
136066 672 4.3104e+28 1
136066 673 4.6752e+28 1
136066 674 5.2740e+28 1
136066 675 4.1628e+28 1
136066 676 3.8768e+28 1
136066 677 5.8212e+28 1
136066 678 5.5889e+28 1
136066 679 6.0650e+28 1
136066 680 3.2054e+28 1
136066 681 4.2220e+28 1
136066 682 5.1295e+28 1
136066 683 6.8850e+28 1
136066 684 4.8223e+28 1
136066 685 4.6344e+28 1
136066 686 6.1624e+28 1
136066 687 6.3043e+28 1
136066 688 5.1517e+28 1
136066 689 4.3172e+28 1
136066 690 4.4780e+28 1
136066 691 4.4137e+28 1
136066 692 4.7698e+28 1
136066 693 4.8003e+28 1
136066 694 3.7995e+28 1
136066 695 5.4064e+28 1
136066 696 3.1402e+28 1
136066 697 4.4501e+28 1
136066 698 3.2115e+28 1
136066 699 6.3601e+28 1
136066 700 5.6236e+28 1
136066 701 4.0199e+28 1
136066 702 4.6980e+28 1
136066 703 5.5298e+28 1
136066 704 6.4043e+28 1
136066 705 4.3104e+28 1
136066 706 6.5413e+28 1
136066 707 4.3172e+28 1
136066 708 4.2786e+28 1
136066 709 4.7151e+28 1
136066 710 5.3779e+28 1
136066 711 4.5993e+28 1
136066 712 5.7719e+28 1
136066 713 3.9552e+28 1
136066 714 3.4950e+28 1
136066 715 5.1863e+28 1
136066 716 4.4861e+28 1
136066 717 4.8185e+28 1
136066 718 -0.0000e+00 1
136066 719 5.5519e+28 1
136066 721 5.4810e+28 1
136066 722 5.0365e+28 1
136066 723 4.6090e+28 1
136066 724 5.0478e+28 1
136066 725 5.0141e+28 1
136066 726 5.5620e+28 1
136066 727 4.1253e+28 1
136066 728 5.1967e+28 1
136066 729 4.4875e+28 1
136066 730 3.6480e+28 1
136066 731 3.3735e+28 1
136066 732 4.5844e+28 1
136066 733 3.8776e+28 1
136066 734 5.0213e+28 1
136066 735 6.1631e+28 1
136066 736 6.1611e+28 1
136066 737 4.2422e+28 1
136066 738 6.0013e+28 1
136066 739 5.1075e+28 1
136066 740 4.2006e+28 1
136066 741 5.1517e+28 1
136066 742 4.6303e+28 1
136066 743 4.5086e+28 1
136066 744 4.3628e+28 1
136066 745 3.7477e+28 1
136066 746 4.3020e+28 1
136066 747 5.4871e+28 1
136066 748 4.1724e+28 1
136066 749 4.3376e+28 1
136066 750 5.8806e+28 1
136066 751 4.3407e+28 1
136066 752 3.9266e+28 1
136066 753 6.1205e+28 1
136066 754 5.1741e+28 1
136066 755 4.6090e+28 1
136066 756 3.4799e+28 1
136066 757 4.9179e+28 1
136066 758 4.6243e+28 1
136066 759 4.5574e+28 1
136066 760 5.8747e+28 1
136066 761 4.7698e+28 1
136066 762 6.0655e+28 1
136066 763 5.5494e+28 1
136066 764 4.6259e+28 1
136066 765 4.7297e+28 1
136066 766 5.1944e+28 1
136066 767 4.8701e+28 1
136066 768 5.0591e+28 1
136066 769 4.9592e+28 1
136066 770 5.3246e+28 1
136066 771 4.2452e+28 1
136066 772 3.5909e+28 1
136066 773 4.8460e+28 1
136066 774 6.2945e+28 1
136066 775 4.8906e+28 1
136066 776 3.8684e+28 1
136066 777 3.8768e+28 1
136066 778 5.2097e+28 1
136066 779 5.7122e+28 1
136066 780 4.9586e+28 1
136066 781 5.8023e+28 1
136066 782 5.3609e+28 1
136066 783 4.9323e+28 1
136066 784 5.0141e+28 1
136066 785 4.6419e+28 1
136066 786 5.1517e+28 1
136066 787 4.0634e+28 1
136066 788 5.0617e+28 1
136066 789 4.7001e+28 1
136066 790 5.5202e+28 1
136066 791 4.3020e+28 1
136066 792 5.0857e+28 1
136066 793 3.6867e+28 1
136066 794 4.8906e+28 1
136066 795 4.7594e+28 1
136066 796 4.2101e+28 1
136066 797 4.7099e+28 1
136066 798 4.1096e+28 1
136066 799 5.3549e+28 1
136066 800 3.5519e+28 1
136066 801 4.7001e+28 1
136066 802 5.6725e+28 1
136066 803 4.4695e+28 1
136066 804 4.5211e+28 1
136066 805 5.9753e+28 1
136066 806 5.2810e+28 1
136066 807 4.6752e+28 1
136066 808 6.1060e+28 1
136066 809 5.6869e+28 1
136066 810 6.4075e+28 1
136066 811 5.5298e+28 1
136066 812 3.7168e+28 1
136066 813 3.9019e+28 1
136066 814 4.7597e+28 1
136066 815 4.4013e+28 1
136066 816 4.4296e+28 1
136066 817 5.6725e+28 1
136066 818 4.1539e+28 1
136066 819 4.1026e+28 1
136066 820 5.4968e+28 1
136066 821 5.7972e+28 1
136066 822 5.0705e+28 1
136066 823 5.2310e+28 1
136066 824 5.4693e+28 1
136066 825 3.9294e+28 1
136066 826 5.4498e+28 1
136066 827 4.6454e+28 1
136066 828 5.2930e+28 1
136066 829 6.0055e+28 1
136066 830 4.8312e+28 1
136066 831 4.3702e+28 1
136066 832 4.5890e+28 1
136066 833 3.9938e+28 1
136066 834 2.6038e+28 1
136066 835 6.3358e+28 1
136066 836 3.5997e+28 1
136066 837 5.5766e+28 1
136066 838 4.3678e+28 1
136066 839 6.8389e+28 1
136066 840 4.6780e+28 1
136066 841 4.3801e+28 1
136066 842 4.0991e+28 1
136066 843 4.1718e+28 1
136066 844 4.7082e+28 1
136066 845 4.7063e+28 1
136066 846 4.4013e+28 1
136066 847 5.7763e+28 1
136066 848 5.7218e+28 1
136066 849 5.6460e+28 1
136066 850 4.6152e+28 1
136066 851 4.5774e+28 1
136066 852 4.3156e+28 1
136066 853 4.3871e+28 1
136066 854 4.6515e+28 1
136066 855 2.8020e+28 1
136066 856 4.8836e+28 1
136066 857 6.6591e+28 1
136066 858 4.5585e+28 1
136066 859 5.7067e+28 1
136066 860 4.4970e+28 1
136066 861 6.0538e+28 1
136066 862 4.9793e+28 1
136066 863 4.3116e+28 1
136066 864 4.9854e+28 1
136066 865 5.3542e+28 1
136066 866 4.5482e+28 1
136066 867 4.3780e+28 1
136066 868 5.1276e+28 1
136066 869 4.8437e+28 1
136066 870 5.1517e+28 1
136066 871 4.5666e+28 1
136066 872 6.6591e+28 1
136066 873 4.3496e+28 1
136066 874 5.6635e+28 1
136066 875 3.9683e+28 1
136066 876 6.2016e+28 1
136066 877 3.8305e+28 1
136066 878 4.5520e+28 1
136066 879 4.8730e+28 1
136066 880 4.8906e+28 1
136066 881 3.5257e+28 1
136066 882 5.1967e+28 1
136066 883 5.3971e+28 1
136066 884 3.3425e+28 1
136066 885 4.0922e+28 1
136066 886 3.8031e+28 1
136066 887 3.6788e+28 1
136066 888 4.4611e+28 1
136066 889 3.7616e+28 1
136066 890 5.2819e+28 1
136066 891 4.3820e+28 1
136066 892 4.3309e+28 1
136066 893 3.8768e+28 1
136066 894 4.7796e+28 1
136066 895 4.9323e+28 1
136066 896 4.3073e+28 1
136066 897 4.4405e+28 1
136066 898 5.7122e+28 1
136066 899 3.9463e+28 1
136066 900 4.1539e+28 1
136066 901 3.7091e+28 1
136066 902 3.8586e+28 1
136066 903 4.0663e+28 1
136066 904 4.6419e+28 1
136066 905 5.1283e+28 1
136066 906 4.6407e+28 1
136066 907 4.6547e+28 1
136066 908 3.8601e+28 1
136066 909 4.4405e+28 1
136066 910 4.4209e+28 1
136066 911 6.0938e+28 1
136066 912 3.9189e+28 1
136066 913 4.9323e+28 1
136066 914 4.6043e+28 1
136066 915 5.6471e+28 1
136066 916 4.3917e+28 1
136066 917 3.8851e+28 1
136066 918 5.0141e+28 1
136066 919 4.6780e+28 1
136066 920 4.5993e+28 1
136066 921 5.1166e+28 1
136066 922 4.9918e+28 1
136066 923 5.9663e+28 1
136066 924 4.4202e+28 1
136066 925 7.5808e+28 1
136066 926 3.0588e+28 1
136066 927 4.5609e+28 1
136066 928 4.6243e+28 1
136066 929 4.8194e+28 1
136066 930 4.4505e+28 1
136066 931 2.8084e+28 1
136066 932 2.7392e+28 1
136066 933 4.5647e+28 1
136066 934 4.7698e+28 1
136066 935 4.5132e+28 1
136066 936 4.9062e+28 1
136066 937 3.6100e+28 1
136066 938 5.4142e+28 1
136066 939 3.6945e+28 1
136066 940 4.2484e+28 1
136066 941 5.0966e+28 1
136066 942 4.2734e+28 1
136066 943 4.1449e+28 1
136066 944 5.8048e+28 1
136066 945 4.0546e+28 1
136066 946 4.5211e+28 1
136066 947 3.6945e+28 1
136066 948 4.2174e+28 1
136066 949 6.0538e+28 1
136066 950 2.9582e+28 1
136066 951 3.5886e+28 1
136066 952 4.5624e+28 1
136066 953 4.0546e+28 1
136066 954 4.5211e+28 1
136066 955 4.0602e+28 1
136066 956 3.7168e+28 1
136066 957 4.2786e+28 1
136066 958 4.6855e+28 1
136066 959 3.6231e+28 1
136066 960 3.9768e+28 1
136066 961 5.0951e+28 1
136066 962 5.6482e+28 1
136066 963 4.4013e+28 1
136066 964 5.1185e+28 1
136066 965 5.9064e+28 1
136066 966 4.1631e+28 1
136066 967 3.4724e+28 1
136066 968 3.0209e+28 1
136066 969 4.7063e+28 1
136066 970 4.1449e+28 1
136066 971 5.1944e+28 1
136066 972 5.6135e+28 1
136066 973 4.3820e+28 1
136066 974 4.7413e+28 1
136066 975 4.5284e+28 1
136066 976 3.2293e+28 1
136066 977 4.5238e+28 1
136066 978 4.1263e+28 1
136066 979 4.8194e+28 1
136066 980 3.8481e+28 1
136066 981 4.8312e+28 1
136066 982 4.9961e+28 1
136066 983 4.8652e+28 1
136066 984 3.3588e+28 1
136066 985 3.6455e+28 1
136066 986 4.8223e+28 1
136066 987 4.7198e+28 1
136066 988 2.9744e+28 1
136066 989 4.3838e+28 1
136066 990 3.9795e+28 1
136066 991 4.6481e+28 1
136066 992 4.3765e+28 1
136066 993 3.5026e+28 1
136066 994 5.4626e+28 1
136066 995 3.4353e+28 1
136066 996 4.8130e+28 1
136066 997 3.7128e+28 1
136066 998 5.4724e+28 1
136066 999 3.4032e+28 1
136066 1000 4.3678e+28 1
136066 1001 5.0178e+28 1
136066 1002 4.9735e+28 1
136066 1003 5.4162e+28 1
136066 1004 6.2461e+28 1
136066 1006 5.1517e+28 1
136066 1007 4.6445e+28 1
136066 1008 4.2082e+28 1
136066 1009 4.9371e+28 1
136066 1010 4.6650e+28 1
136066 1011 5.1517e+28 1
136066 1012 3.6373e+28 1
136066 1013 4.9155e+28 1
136066 1014 4.9479e+28 1
136066 1015 4.7799e+28 1
136066 1016 4.3609e+28 1
136066 1017 4.6855e+28 1
136066 1018 2.7104e+28 1
136066 1019 6.2909e+28 1
136066 1020 3.7168e+28 1
136066 1021 4.7096e+28 1
136066 1022 6.0427e+28 1
136066 1023 4.0972e+28 1
136066 1024 4.6303e+28 1
136066 1025 4.4209e+28 1
136066 1026 4.4970e+28 1
136066 1027 3.6870e+28 1
136066 1028 5.6471e+28 1
136066 1029 4.9854e+28 1
136066 1030 3.9938e+28 1
136066 1031 3.7531e+28 1
136066 1032 4.7802e+28 1
136066 1033 4.2359e+28 1
136066 1034 4.7378e+28 1
136066 1035 5.0980e+28 1
136066 1036 5.2601e+28 1
136066 1037 5.0396e+28 1
136066 1038 5.5664e+28 1
136066 1039 3.5683e+28 1
136066 1040 4.8012e+28 1
136066 1041 4.1808e+28 1
136066 1042 3.8437e+28 1
136066 1043 4.5704e+28 1
136066 1044 6.1835e+28 1
136066 1045 5.3666e+28 1
136066 1046 3.4878e+28 1
136066 1047 5.5119e+28 1
136066 1048 6.6381e+28 1
136066 1049 4.1718e+28 1
136066 1050 4.3533e+28 1
136066 1051 4.5943e+28 1
136066 1052 3.6100e+28 1
136066 1053 3.1536e+28 1
136066 1054 4.8278e+28 1
136066 1055 4.6980e+28 1
136066 1056 4.5686e+28 1
136066 1057 4.3576e+28 1
136066 1058 5.2332e+28 1
136066 1059 4.5745e+28 1
136066 1060 3.8079e+28 1
136066 1061 5.8077e+28 1
136066 1062 3.5490e+28 1
136066 1063 3.8273e+28 1
136066 1064 5.7309e+28 1
136066 1065 4.1738e+28 1
136066 1066 4.6454e+28 1
136066 1067 4.5759e+28 1
136066 1068 5.0287e+28 1
136066 1069 4.6043e+28 1
136066 1070 4.7273e+28 1
136066 1071 4.2878e+28 1
136066 1072 4.6143e+28 1
136066 1073 4.5729e+28 1
136066 1074 4.2970e+28 1
136066 1075 5.0640e+28 1
136066 1076 4.1263e+28 1
136066 1077 5.7188e+28 1
136066 1078 3.4575e+28 1
136066 1079 4.4704e+28 1
136066 1080 3.7477e+28 1
136066 1081 4.8349e+28 1
136066 1082 3.1876e+28 1
136066 1083 4.0024e+28 1
136066 1084 6.0701e+28 1
136066 1085 6.3958e+28 1
136066 1086 4.0330e+28 1
136066 1087 2.5401e+28 1
136066 1088 5.1063e+28 1
136066 1089 4.5514e+28 1
136066 1090 3.6327e+28 1
136066 1091 3.7262e+28 1
136066 1092 4.5514e+28 1
136066 1093 4.4695e+28 1
136066 1094 3.2435e+28 1
136066 1095 4.5834e+28 1
136066 1096 3.3246e+28 1
136066 1097 4.8870e+28 1
136066 1098 3.7528e+28 1
136066 1099 5.0002e+28 1
136066 1100 4.3438e+28 1
136066 1101 4.5257e+28 1
136066 1102 4.4405e+28 1
136066 1103 3.7245e+28 1
136066 1104 3.9202e+28 1
136066 1105 3.8456e+28 1
136066 1106 5.0799e+28 1
136066 1107 4.5585e+28 1
136066 1108 4.0694e+28 1
136066 1109 3.8273e+28 1
136066 1110 5.0454e+28 1
136066 1111 6.5958e+28 1
136066 1112 4.4780e+28 1
136066 1113 3.9266e+28 1
136066 1114 4.8979e+28 1
136066 1115 4.9476e+28 1
136066 1116 5.0141e+28 1
136066 1117 4.8105e+28 1
136066 1118 4.0420e+28 1
136066 1119 3.8437e+28 1
136066 1120 4.7001e+28 1
136066 1121 5.2854e+28 1
136066 1122 4.1081e+28 1
136066 1123 3.8935e+28 1
136066 1124 4.5704e+28 1
136066 1125 4.0072e+28 1
136066 1126 4.2924e+28 1
136066 1127 5.0178e+28 1
136066 1128 3.7477e+28 1
136066 1129 4.3156e+28 1
136066 1130 4.8021e+28 1
136066 1131 4.2388e+28 1
136066 1132 3.0623e+28 1
136066 1133 5.7809e+28 1
136066 1134 5.5648e+28 1
136066 1135 4.6445e+28 1
136066 1136 5.3395e+28 1
136066 1137 3.1542e+28 1
136066 1138 5.3666e+28 1
136066 1139 5.7763e+28 1
136066 1140 5.5070e+28 1
136066 1141 4.4598e+28 1
136066 1142 4.8873e+28 1
136066 1143 5.3485e+28 1
136066 1144 3.3735e+28 1
136066 1145 5.7151e+28 1
136066 1146 3.0900e+28 1
136066 1147 3.3847e+28 1
136066 1148 4.5993e+28 1
136066 1149 5.6380e+28 1
136066 1150 4.4220e+28 1
136066 1151 4.7491e+28 1
136066 1152 4.2881e+28 1
136066 1153 3.9275e+28 1
136066 1154 5.0881e+28 1
136066 1155 4.9371e+28 1
136066 1156 4.1990e+28 1
136066 1157 3.9853e+28 1
136066 1158 3.8519e+28 1
136066 1159 4.4215e+28 1
136066 1160 3.8192e+28 1
136066 1161 3.7792e+28 1
136066 1162 5.2214e+28 1
136066 1163 4.7496e+28 1
136066 1164 3.7033e+28 1
136066 1165 4.9873e+28 1
136066 1166 5.3549e+28 1
136066 1167 3.5195e+28 1
136066 1168 3.1671e+28 1
136066 1169 4.3474e+28 1
136066 1170 4.2829e+28 1
136066 1171 4.2394e+28 1
136066 1172 5.1414e+28 1
136066 1173 4.0318e+28 1
136066 1174 3.8570e+28 1
136066 1175 4.0420e+28 1
136066 1176 4.6043e+28 1
136066 1177 5.9670e+28 1
136080 1 -0.0000e+00 0
136080 2 -0.0000e+00 0
136080 3 -0.0000e+00 0
136080 4 -0.0000e+00 0
136080 5 -0.0000e+00 0
136080 6 -0.0000e+00 0
136080 7 -0.0000e+00 0
136080 8 -0.0000e+00 0
136080 9 -0.0000e+00 0
136080 10 -0.0000e+00 0
136080 11 -0.0000e+00 0
136080 12 -0.0000e+00 0
136080 13 -0.0000e+00 0
136080 14 -0.0000e+00 0
136080 15 -0.0000e+00 0
136080 16 -0.0000e+00 0
136080 17 -0.0000e+00 0
136080 18 -0.0000e+00 0
136080 19 -0.0000e+00 0
136080 20 -0.0000e+00 0
136080 21 -0.0000e+00 0
136080 22 -0.0000e+00 0
136080 23 -0.0000e+00 0
136080 24 -0.0000e+00 0
136080 25 -0.0000e+00 0
136080 26 -0.0000e+00 0
136080 27 -0.0000e+00 0
136080 28 -0.0000e+00 0
136080 29 -0.0000e+00 0
136080 30 -0.0000e+00 0
136080 31 -0.0000e+00 0
136080 32 -0.0000e+00 0
136080 33 -0.0000e+00 0
136080 34 -0.0000e+00 0
136080 35 -0.0000e+00 0
136080 36 -0.0000e+00 0
136080 37 -0.0000e+00 0
136080 38 -0.0000e+00 0
136080 39 -0.0000e+00 0
136080 40 -0.0000e+00 0
136080 41 -0.0000e+00 0
136080 42 -0.0000e+00 0
136080 43 -0.0000e+00 0
136080 44 -0.0000e+00 0
136080 45 -0.0000e+00 0
136080 46 -0.0000e+00 0
136080 47 -0.0000e+00 0
136080 48 -0.0000e+00 0
136080 49 -0.0000e+00 0
136080 50 -0.0000e+00 0
136080 51 -0.0000e+00 0
136080 52 -0.0000e+00 0
136080 53 -0.0000e+00 0
136080 54 -0.0000e+00 0
136080 55 -0.0000e+00 0
136080 56 -0.0000e+00 0
136080 57 -0.0000e+00 0
136080 58 -0.0000e+00 0
136080 59 -0.0000e+00 0
136080 60 -0.0000e+00 0
136080 61 -0.0000e+00 0
136080 62 -0.0000e+00 0
136080 63 -0.0000e+00 0
136080 64 -0.0000e+00 0
136080 65 -0.0000e+00 0
136080 66 -0.0000e+00 0
136080 67 -0.0000e+00 0
136080 68 -0.0000e+00 0
136080 69 -0.0000e+00 0
136080 70 -0.0000e+00 0
136080 71 -0.0000e+00 0
136080 72 -0.0000e+00 0
136080 73 -0.0000e+00 0
136080 74 -0.0000e+00 0
136080 75 -0.0000e+00 0
136080 76 -0.0000e+00 0
136080 77 -0.0000e+00 0
136080 78 -0.0000e+00 0
136080 79 -0.0000e+00 0
136080 80 -0.0000e+00 0
136080 81 -0.0000e+00 0
136080 82 -0.0000e+00 0
136080 83 -0.0000e+00 0
136080 84 -0.0000e+00 0
136080 85 -0.0000e+00 0
136080 86 -0.0000e+00 0
136080 87 -0.0000e+00 0
136080 88 -0.0000e+00 0
136080 89 -0.0000e+00 0
136080 90 -0.0000e+00 0
136080 91 -0.0000e+00 0
136080 92 -0.0000e+00 0
136080 93 -0.0000e+00 0
136080 94 -0.0000e+00 0
136080 95 -0.0000e+00 0
136080 96 -0.0000e+00 0
136080 97 -0.0000e+00 0
136080 98 -0.0000e+00 0
136080 99 -0.0000e+00 0
136080 100 -0.0000e+00 0
136080 101 -0.0000e+00 0
136080 102 -0.0000e+00 0
136080 103 -0.0000e+00 0
136080 104 -0.0000e+00 0
136080 105 -0.0000e+00 0
136080 106 -0.0000e+00 0
136080 107 -0.0000e+00 0
136080 108 -0.0000e+00 0
136080 109 -0.0000e+00 0
136080 110 -0.0000e+00 0
136080 111 -0.0000e+00 0
136080 112 -0.0000e+00 0
136080 113 -0.0000e+00 0
136080 114 -0.0000e+00 0
136080 115 -0.0000e+00 0
136080 116 -0.0000e+00 0
136080 117 -0.0000e+00 0
136080 118 -0.0000e+00 0
136080 119 -0.0000e+00 0
136080 120 -0.0000e+00 0
136080 121 -0.0000e+00 0
136080 122 -0.0000e+00 0
136080 123 -0.0000e+00 0
136080 124 -0.0000e+00 0
136080 125 -0.0000e+00 0
136080 126 -0.0000e+00 0
136080 127 -0.0000e+00 0
136080 128 -0.0000e+00 0
136080 129 -0.0000e+00 0
136080 130 -0.0000e+00 0
136080 131 -0.0000e+00 0
136080 132 -0.0000e+00 0
136080 133 -0.0000e+00 0
136080 134 -0.0000e+00 0
136080 135 -0.0000e+00 0
136080 136 -0.0000e+00 0
136080 137 -0.0000e+00 0
136080 138 -0.0000e+00 0
136080 139 -0.0000e+00 0
136080 140 -0.0000e+00 0
136080 141 -0.0000e+00 0
136080 142 -0.0000e+00 0
136080 143 -0.0000e+00 0
136080 144 -0.0000e+00 0
136080 145 -0.0000e+00 0
136080 146 -0.0000e+00 0
136080 147 -0.0000e+00 0
136080 148 -0.0000e+00 0
136080 149 -0.0000e+00 0
136080 150 -0.0000e+00 0
136080 151 -0.0000e+00 0
136080 152 -0.0000e+00 0
136080 153 -0.0000e+00 0
136080 154 -0.0000e+00 0
136080 155 -0.0000e+00 0
136080 156 -0.0000e+00 0
136080 157 -0.0000e+00 0
136080 158 -0.0000e+00 0
136080 159 -0.0000e+00 0
136080 160 -0.0000e+00 0
136080 161 -0.0000e+00 0
136080 162 -0.0000e+00 0
136080 163 -0.0000e+00 0
136080 164 -0.0000e+00 0
136080 165 -0.0000e+00 0
136080 166 -0.0000e+00 0
136080 167 -0.0000e+00 0
136080 168 -0.0000e+00 0
136080 169 -0.0000e+00 0
136080 170 -0.0000e+00 0
136080 171 -0.0000e+00 0
136080 172 -0.0000e+00 0
136080 173 -0.0000e+00 0
136080 174 -0.0000e+00 0
136080 175 -0.0000e+00 0
136080 176 -0.0000e+00 0
136080 177 -0.0000e+00 0
136080 178 -0.0000e+00 0
136080 179 -0.0000e+00 0
136080 180 -0.0000e+00 0
136080 181 -0.0000e+00 0
136080 182 -0.0000e+00 1
136080 183 -0.0000e+00 1
136080 184 -0.0000e+00 1
136080 185 -0.0000e+00 1
136080 186 -0.0000e+00 1
136080 187 -0.0000e+00 1
136080 188 -0.0000e+00 1
136080 189 -0.0000e+00 1
136080 190 -0.0000e+00 1
136080 191 -0.0000e+00 1
136080 192 -0.0000e+00 1
136080 193 -0.0000e+00 1
136080 194 -0.0000e+00 1
136080 195 -0.0000e+00 1
136080 196 -0.0000e+00 1
136080 197 -0.0000e+00 1
136080 198 -0.0000e+00 1
136080 199 -0.0000e+00 1
136080 200 -0.0000e+00 1
136080 201 -0.0000e+00 1
136080 202 -0.0000e+00 1
136080 203 -0.0000e+00 1
136080 204 -0.0000e+00 1
136080 205 -0.0000e+00 1
136080 206 -0.0000e+00 1
136080 207 -0.0000e+00 1
136080 208 -0.0000e+00 1
136080 209 -0.0000e+00 1
136080 210 -0.0000e+00 1
136080 211 -0.0000e+00 1
136080 212 -0.0000e+00 1
136080 213 -0.0000e+00 1
136080 214 -0.0000e+00 1
136080 215 -0.0000e+00 1
136080 216 -0.0000e+00 1
136080 217 -0.0000e+00 1
136080 218 -0.0000e+00 1
136080 219 -0.0000e+00 1
136080 220 -0.0000e+00 1
136080 221 -0.0000e+00 1
136080 222 -0.0000e+00 1
136080 223 -0.0000e+00 1
136080 224 -0.0000e+00 1
136080 225 -0.0000e+00 1
136080 226 -0.0000e+00 1
136080 227 -0.0000e+00 1
136080 228 -0.0000e+00 1
136080 229 -0.0000e+00 1
136080 230 -0.0000e+00 1
136080 231 -0.0000e+00 1
136080 232 -0.0000e+00 1
136080 233 -0.0000e+00 1
136080 234 -0.0000e+00 1
136080 237 -0.0000e+00 1
136080 238 -0.0000e+00 1
136080 239 -0.0000e+00 1
136080 240 -0.0000e+00 1
136080 241 -0.0000e+00 1
136080 242 -0.0000e+00 1
136080 243 -0.0000e+00 1
136080 244 -0.0000e+00 1
136080 245 -0.0000e+00 1
136080 246 -0.0000e+00 1
136080 247 -0.0000e+00 1
136080 248 -0.0000e+00 1
136080 249 1.2661e+29 1
136080 250 1.0157e+29 1
136080 252 7.1227e+28 1
136080 253 7.2941e+28 1
136080 254 7.5265e+28 1
136080 255 8.2591e+28 1
136080 256 9.9215e+28 1
136082 1 7.3022e+28 1
136082 2 7.4845e+28 1
136082 3 7.6919e+28 1
136082 4 6.8427e+28 1
136082 5 6.3585e+28 1
136082 6 6.5180e+28 1
136082 7 7.9943e+28 1
136082 8 6.0384e+28 1
136082 9 7.8327e+28 1
136082 10 5.7676e+28 1
136082 11 6.6152e+28 1
136082 12 5.6848e+28 1
136082 13 6.7657e+28 1
136082 14 7.1747e+28 1
136082 15 6.5510e+28 1
136082 16 7.3385e+28 1
136082 17 6.5850e+28 1
136082 18 7.0546e+28 1
136082 19 6.7962e+28 1
136082 20 4.4875e+28 1
136082 21 8.8347e+28 1
136082 22 6.7812e+28 1
136082 23 7.2557e+28 1
136082 24 7.5643e+28 1
136082 25 7.6963e+28 1
136082 26 6.4416e+28 1
136082 27 7.4232e+28 1
136082 28 6.2565e+28 1
136082 29 6.2537e+28 1
136082 30 5.7859e+28 1
136082 31 8.1909e+28 1
136082 32 6.7533e+28 1
136082 33 8.5569e+28 1
136082 34 6.0384e+28 1
136082 35 7.7533e+28 1
136082 36 7.3267e+28 1
136082 37 5.8685e+28 1
136082 38 6.5874e+28 1
136082 39 6.5158e+28 1
136082 40 7.0799e+28 1
136082 41 5.5760e+28 1
136082 42 7.9080e+28 1
136082 43 6.5158e+28 1
136082 44 7.0382e+28 1
136082 45 7.0231e+28 1
136082 46 7.1183e+28 1
136082 47 5.6652e+28 1
136082 48 6.3220e+28 1
136082 49 7.0042e+28 1
136082 50 6.0143e+28 1
136082 51 7.2519e+28 1
136082 52 6.8244e+28 1
136082 53 8.1815e+28 1
136082 54 6.8919e+28 1
136082 55 8.0199e+28 1
136082 56 5.8487e+28 1
136082 57 6.8718e+28 1
136082 58 5.6892e+28 1
136082 59 8.0824e+28 1
136082 60 8.4686e+28 1
136082 61 7.3404e+28 1
136082 62 7.2362e+28 1
136082 63 7.4601e+28 1
136082 64 5.7018e+28 1
136082 65 7.9527e+28 1
136082 66 8.0021e+28 1
136082 67 6.7812e+28 1
136082 68 7.5113e+28 1
136082 69 6.5321e+28 1
136082 70 7.9338e+28 1
136082 71 7.5640e+28 1
136082 72 5.7122e+28 1
136082 73 6.1471e+28 1
136082 74 6.7027e+28 1
136082 75 6.0538e+28 1
136082 76 8.0199e+28 1
136082 77 9.1507e+28 1
136082 78 6.6412e+28 1
136082 79 8.3904e+28 1
136082 80 5.0591e+28 1
136082 81 5.9454e+28 1
136082 82 7.7080e+28 1
136082 83 6.8220e+28 1
136082 84 6.6764e+28 1
136082 85 6.0556e+28 1
136082 86 7.3928e+28 1
136082 87 6.5459e+28 1
136082 88 6.2878e+28 1
136082 89 8.5363e+28 1
136082 90 6.2032e+28 1
136082 91 7.1980e+28 1
136082 92 6.6930e+28 1
136082 93 7.1257e+28 1
136082 94 6.7664e+28 1
136082 95 8.8142e+28 1
136082 96 6.6537e+28 1
136082 97 6.9073e+28 1
136082 98 7.0124e+28 1
136082 99 6.4859e+28 1
136082 100 6.2485e+28 1
136082 101 7.2829e+28 1
136082 102 7.0434e+28 1
136082 103 5.1176e+28 1
136082 104 6.9336e+28 1
136082 105 6.3497e+28 1
136082 106 6.8521e+28 1
136082 107 6.3807e+28 1
136082 108 7.3928e+28 1
136082 109 5.6362e+28 1
136082 110 6.8738e+28 1
136082 111 9.3443e+28 1
136082 112 6.0406e+28 1
136082 113 6.7196e+28 1
136082 114 7.1669e+28 1
136082 115 7.4989e+28 1
136082 116 6.4488e+28 1
136082 117 6.2703e+28 1
136082 118 5.7281e+28 1
136082 119 6.1480e+28 1
136082 120 6.5308e+28 1
136082 121 7.6317e+28 1
136082 122 6.0538e+28 1
136082 123 6.4060e+28 1
136082 124 6.6035e+28 1
136082 125 7.7007e+28 1
136082 126 7.4601e+28 1
136082 127 5.8552e+28 1
136082 128 4.9689e+28 1
136082 129 8.1769e+28 1
136082 130 7.0124e+28 1
136082 131 3.7871e+28 1
136082 132 1.6864e+28 1
136082 133 9.3961e+27 1
136082 134 1.2131e+28 1
136082 135 1.0979e+28 1
136082 136 8.0960e+27 1
136082 137 1.3842e+28 1
136082 138 1.6058e+28 1
136082 139 1.2977e+28 1
136082 140 7.5286e+28 1
136082 141 8.0558e+28 1
136082 142 6.4488e+28 1
136082 143 6.3895e+28 1
136082 144 7.9315e+28 1
136082 145 6.9567e+28 1
136082 146 6.7661e+28 1
136082 147 6.1765e+28 1
136082 148 7.8910e+28 1
136082 149 6.8100e+28 1
136082 150 5.8155e+28 1
136082 151 6.2402e+28 1
136082 152 7.0477e+28 1
136082 153 7.4506e+28 1
136082 154 6.7060e+28 1
136082 155 5.1980e+28 1
136082 156 7.7031e+28 1
136082 157 5.3666e+28 1
136082 158 7.3385e+28 1
136082 159 6.3548e+28 1
136082 160 6.6212e+28 1
136082 161 6.8253e+28 1
136082 162 7.3202e+28 1
136082 163 6.2982e+28 1
136082 164 5.9409e+28 1
136082 165 7.7328e+28 1
136082 166 6.6948e+28 1
136082 167 5.4022e+28 1
136082 168 7.2821e+28 1
136082 169 5.6783e+28 1
136082 170 8.6913e+28 1
136082 171 5.5298e+28 1
136082 172 7.4217e+28 1
136082 173 8.4751e+28 1
136082 175 6.2842e+28 1
136082 176 8.2149e+28 1
136082 177 7.0738e+28 1
136082 178 7.5478e+28 1
136082 179 6.5829e+28 1
136082 180 6.7209e+28 1
136082 181 6.5717e+28 1
136082 182 8.9023e+28 1
136082 183 6.3748e+28 1
136082 184 6.2001e+28 1
136082 185 5.9193e+28 1
136082 186 6.5929e+28 1
136082 187 6.2379e+28 1
136082 188 7.3218e+28 1
136082 189 6.9965e+28 1
136082 190 7.4577e+28 1
136082 191 7.6985e+28 1
136082 192 5.9226e+28 1
136082 193 7.8622e+28 1
136082 194 6.8521e+28 1
136082 195 6.0274e+28 1
136082 196 7.8023e+28 1
136082 197 4.7927e+28 1
136082 198 5.7316e+28 1
136082 199 5.9982e+28 1
136082 200 4.9428e+28 1
136082 201 6.3497e+28 1
136082 202 5.9883e+28 1
136082 203 6.9724e+28 1
136082 204 8.7937e+28 1
136082 205 7.5633e+28 1
136082 206 7.5340e+28 1
136082 207 6.7667e+28 1
136082 208 6.3585e+28 1
136082 209 5.6669e+28 1
136082 210 8.1909e+28 1
136082 211 6.9052e+28 1
136082 212 8.1686e+28 1
136082 213 7.7533e+28 1
136082 214 7.5643e+28 1
136082 215 7.8294e+28 1
136082 216 6.5036e+28 1
136082 217 5.9454e+28 1
136082 218 5.5044e+28 1
136082 219 6.4900e+28 1
136082 220 7.2258e+28 1
136082 221 7.6273e+28 1
136082 222 8.3071e+28 1
136082 223 5.4871e+28 1
136082 224 5.8366e+28 1
136082 225 5.9089e+28 1
136082 226 6.6851e+28 1
136082 227 8.1726e+28 1
136082 228 5.7517e+28 1
136082 229 6.1487e+28 1
136082 230 5.5119e+28 1
136082 231 4.6612e+28 1
136082 232 5.9332e+28 1
136082 233 5.2507e+28 1
136082 234 6.5558e+28 1
136082 235 6.0947e+28 1
136082 236 5.4940e+28 1
136082 237 6.0196e+28 1
136082 238 1.8996e+28 1
136082 239 3.8616e+28 1
136082 240 5.8895e+28 1
136082 241 7.7639e+28 1
136082 242 6.4922e+28 1
136082 243 6.2134e+28 1
136082 244 7.8795e+28 1
136082 245 7.3518e+28 1
136082 246 6.3601e+28 1
136082 247 5.2303e+28 1
136082 248 5.6003e+28 1
136082 249 5.2177e+28 1
136082 250 7.9423e+28 1
136082 251 7.2457e+28 1
136082 252 8.7870e+28 1
136082 253 6.5008e+28 1
136082 254 8.0186e+28 1
136082 255 7.3722e+28 1
136082 256 5.8895e+28 1
136082 257 7.4320e+28 1
136082 258 6.7209e+28 1
136082 259 7.6429e+28 1
136082 260 7.0767e+28 1
136082 261 6.2016e+28 1
136082 262 5.8679e+28 1
136082 263 6.7962e+28 1
136082 264 6.5958e+28 1
136082 265 8.4846e+28 1
136082 266 6.9404e+28 1
136082 267 1.0705e+29 1
136082 268 7.9159e+28 1
136082 269 8.1037e+28 1
136082 270 8.0021e+28 1
136082 271 6.9607e+28 1
136082 272 6.0499e+28 1
136082 273 6.7386e+28 1
136082 274 6.9304e+28 1
136082 275 8.0284e+28 1
136082 276 8.2402e+28 1
136082 277 8.5012e+28 1
136082 278 8.0472e+28 1
136082 279 5.5119e+28 1
136082 280 8.2668e+28 1
136082 281 7.0563e+28 1
136082 282 7.0917e+28 1
136082 283 6.3860e+28 1
136082 284 4.2970e+28 1
136082 285 7.7328e+28 1
136082 286 8.4730e+28 1
136082 287 7.7209e+28 1
136082 288 6.2191e+28 1
136082 289 6.9304e+28 1
136082 290 5.9946e+28 1
136082 291 7.2841e+28 1
136082 292 9.1398e+28 1
136082 293 6.8895e+28 1
136082 294 6.5098e+28 1
136082 295 8.9954e+28 1
136082 296 6.2703e+28 1
136082 297 7.0181e+28 1
136082 298 7.3267e+28 1
136082 299 7.1112e+28 1
136082 300 5.5867e+28 1
136082 301 7.9943e+28 1
136082 302 7.1663e+28 1
136082 303 7.3475e+28 1
136082 304 6.2878e+28 1
136082 305 6.5308e+28 1
136082 306 7.4263e+28 1
136082 307 7.7639e+28 1
136082 308 7.6874e+28 1
136082 309 7.3559e+28 1
136082 310 8.2462e+28 1
136082 311 8.9109e+28 1
136082 312 6.6764e+28 1
136082 313 5.6128e+28 1
136082 314 7.5099e+28 1
136082 315 8.4387e+28 1
136082 316 5.6725e+28 1
136082 317 7.3637e+28 1
136082 318 6.8118e+28 1
136082 319 6.8253e+28 1
136082 320 5.4995e+28 1
136082 321 7.8851e+28 1
136082 322 6.2916e+28 1
136082 323 6.2656e+28 1
136082 324 7.1952e+28 1
136082 325 6.4485e+28 1
136082 326 5.7893e+28 1
136082 327 7.0231e+28 1
136082 328 7.6874e+28 1
136082 329 8.4624e+28 1
136082 330 7.6834e+28 1
136082 331 7.1440e+28 1
136082 332 5.1873e+28 1
136082 333 6.1880e+28 1
136082 334 4.9640e+28 1
136082 335 5.4660e+28 1
136082 336 6.5308e+28 1
136082 337 7.9561e+28 1
136082 338 7.2050e+28 1
136082 339 6.8617e+28 1
136082 340 4.9586e+28 1
136082 341 7.6985e+28 1
136082 342 6.2593e+28 1
136082 343 6.0086e+28 1
136082 344 5.7800e+28 1
136082 345 7.7156e+28 1
136082 346 7.7107e+28 1
136082 347 7.6140e+28 1
136082 348 6.1073e+28 1
136082 349 7.8971e+28 1
136082 350 5.8935e+28 1
136082 351 7.8069e+28 1
136082 352 7.5421e+28 1
136082 353 7.7606e+28 1
136082 354 7.5139e+28 1
136082 355 5.3903e+28 1
136082 356 5.8552e+28 1
136082 357 9.0558e+28 1
136082 358 8.0132e+28 1
136082 359 7.6502e+28 1
136082 360 4.6344e+28 1
136082 361 7.3596e+28 1
136082 362 8.1183e+28 1
136082 363 5.9789e+28 1
136082 364 7.4431e+28 1
136082 365 6.5321e+28 1
136082 366 7.7328e+28 1
136082 367 6.4495e+28 1
136082 368 6.8582e+28 1
136082 369 6.4137e+28 1
136082 370 6.2842e+28 1
136082 371 6.8566e+28 1
136082 372 8.3974e+28 1
136082 373 6.8094e+28 1
136082 374 6.0538e+28 1
136082 375 6.7657e+28 1
136082 376 6.9965e+28 1
136082 377 6.1906e+28 1
136082 378 7.3294e+28 1
136082 379 4.8257e+28 1
136082 380 7.3963e+28 1
136082 381 5.9982e+28 1
136082 382 6.9241e+28 1
136082 383 4.9987e+28 1
136082 384 6.2769e+28 1
136082 385 6.2643e+28 1
136082 386 6.7516e+28 1
136082 387 8.0132e+28 1
136082 388 7.0799e+28 1
136082 389 7.2069e+28 1
136082 390 6.9423e+28 1
136082 391 6.3021e+28 1
136082 392 6.2882e+28 1
136082 393 7.0731e+28 1
136082 394 5.9753e+28 1
136082 395 4.9218e+28 1
136082 396 8.0223e+28 1
136082 397 8.0653e+28 1
136082 398 6.4270e+28 1
136082 399 7.5126e+28 1
136082 400 6.6892e+28 1
136082 401 7.0087e+28 1
136082 402 7.7156e+28 1
136082 403 6.5413e+28 1
136082 404 7.2886e+28 1
136082 405 8.5354e+28 1
136082 406 5.8487e+28 1
136082 407 5.0029e+28 1
136082 408 6.5829e+28 1
136082 409 7.6502e+28 1
136082 410 6.3313e+28 1
136082 411 7.1503e+28 1
136082 412 4.4695e+28 1
136082 413 7.1754e+28 1
136082 414 7.5296e+28 1
136082 415 6.8125e+28 1
136082 416 7.1908e+28 1
136082 417 7.6308e+28 1
136082 418 7.5286e+28 1
136082 419 7.7639e+28 1
136082 420 7.5643e+28 1
136082 421 9.9215e+28 1
136082 422 7.8910e+28 1
136082 423 8.7578e+28 1
136082 424 -0.0000e+00 1
136082 425 -0.0000e+00 1
136082 427 -0.0000e+00 1
136082 430 -0.0000e+00 1
136082 432 -0.0000e+00 1
136082 441 4.4613e+29 1
136082 442 4.4613e+29 1
136082 457 -0.0000e+00 1
136082 458 -0.0000e+00 1
136082 460 -0.0000e+00 1
136082 462 -0.0000e+00 1
136082 463 -0.0000e+00 1
136082 465 -0.0000e+00 1
136082 466 -0.0000e+00 1
136082 472 -0.0000e+00 1
136082 474 5.7249e+28 1
136082 476 7.4506e+28 1
136082 477 6.6179e+28 1
136082 478 7.0231e+28 1
136082 479 6.5008e+28 1
136082 480 6.1198e+28 1
136082 481 6.5555e+28 1
136082 482 5.9369e+28 1
136082 483 5.0874e+28 1
136082 484 5.2740e+28 1
136082 485 6.7359e+28 1
136082 486 8.1206e+28 1
136082 487 8.2533e+28 1
136082 488 6.8582e+28 1
136082 489 7.0917e+28 1
136082 490 6.2510e+28 1
136082 491 7.1344e+28 1
136082 492 7.5296e+28 1
136082 493 6.4488e+28 1
136082 494 6.0170e+28 1
136082 495 9.4206e+28 1
136082 496 8.4947e+28 1
136082 497 6.2703e+28 1
136082 498 6.6144e+28 1
136082 499 6.6144e+28 1
136082 500 6.4043e+28 1
136082 501 6.7667e+28 1
136082 502 7.1282e+28 1
136082 503 8.8068e+28 1
136082 504 7.5421e+28 1
136082 506 1.1735e+29 1
