python Fill	Filling Scheme		Runs
1044	Single_2b_1_1_1	133320,133321,133324,133336
1045	Single_2b_1_1_1	133446,133448,133450,133463		
1046	Single_2b_1_1_1	133472,133474				
1047	Single_2b_1_1_1	133483					
1049	Single_2b_1_1_1	133509					
1058	Single_3b_2_2_2	133874,133875,133876,133877,133881,133885	
1059	Single_2b_1_1_1	133927,133928				
1089	Single_2b_1_1_1	135149					
1090	Single_2b_1_1_1	135175					
1101	Single_4b_2_2_2	135445					
1104	Single_6b_3_3_3	135521,135523,135525,135528,135534,135535,135537,135538
1107	Single_6b_3_3_3	135573,135575
1112	Single_6b_3_3_3	135735
1117	Single_6b_3_3_3	136033,136035
1118	Single_6b_3_3_3	136066
1119	Single_6b_3_3_3	136080,136082
1121	Single_13b_8_8_8	136087,136088
1122	Single_13b_8_8_8	136097,136098,136100,136119
1128	Single_7b_4_4_4	136290,136294,136297
1134	Single_13b_8_8_8	137027,137028
1179	Single_3b_2_2_2	138560,138562,138563,138564,138570,138571,138572
1182	Single_3b_2_2_2	138737,138738,138739,138742,138744,138746,138747,138749,138750,138751
1185	Single_3b_2_2_2	138919,138920,138921,138923,138924,138937,138939
1186	Single_3b_2_2_2	139020
1188	Single_3b_2_2_2	139096,139098,139100,139102,139103
1190	Single_7b_4_4_4	139195
1192	Single_7b_4_4_4	139239
1196	Single_7b_4_4_4	139347
1197	Single_7b_4_4_4	139356,139360,139362,139363,139364,139365,139368,139370,139372,139375
1198	Single_7b_4_4_4	139399,139400,139407,139411
1199	Single_10b_4_2_4	139455,139457,139458,139459
1207	Single_10b_4_2_4	139979,139780,139781,139782,139783,139784,139786,139788,139789,139790
1222	Single_9b_6_6_6	139965,139966,139967,139968,139969,139971,139972,139973,139974,139975,139976,139978,139980
1224	Single_12b_8_8_8	140058,140059,140070,140076
1225	Single_12b_8_8_8	140116,140119,140123,140124,140126
1226	Single_13b_8_8_8	140158,140159,140160,140180,140181,140182
1229	Single_13b_8_8_8	140331
1232	Single_13b_8_8_8	140352,140359,140361,140362
1233	Single_13b_8_8_8	140379,140381,140382,140383,140385,140386,140387,140388,140399,140401
1250	Single_13b_8_8_8	141865,141874,141876,141880,141881,141882
1251	Multi_25b_16_16_16	141956,141957,141958,141959,141960,141961
1253	Multi_25b_16_16_16	142035,142036,142038,142039,142040
1256	Multi_25b_16_16_16	142076
1257	Multi_25b_16_16_16	142128,142129,142130,142132,142135,142136,142137
1258	Multi_25b_16_16_16	142187,142188,142189,142191
1260	Multi_25b_16_16_16	142264,142265
1262	Multi_25b_16_16_16	142303,142304,142305,142308,142309,142311,142312,142313,142315,142317,142318,142319
1263	Multi_25b_16_16_16	142413,142414,142415,142417,142418,142419,142420,142422
1264	Multi_25b_16_16_16	142461,142462,142463,142464
1266	Multi_25b_16_16_16	142503,142508,142509,142511,142512,142513,142514
1267	Multi_25b_16_16_16	142523,142524,142525,142528,142530,142535,142537
1268	Multi_25b_16_16_16	142557,142558
1271	Multi_25b_16_16_16	142653,142654,142655,142657,142658,142659,142660,142661,142662,142663,142664
1283	Multi_25b_16_16_16	142928,142931,142933,142934,142935,142936
1284	Multi_25b_16_16_16	142953,142954,142955
1285	Multi_25b_16_16_16	142970,142971,142974
1287	Multi_25b_16_16_16	143004,143005,143006,143007,143008,143012,143013,143015
1293	Multi_25b_16_16_16	143179,143181,143187,143191,143192,143193
1295	1250ns_48b_36_16_36	143318,143319,143320,143321,143322,143323,143326,143327,143328,143336
1298	1250ns_48b_36_16_36	143657,143664,143665
1299	1250ns_48b_36_16_36	143726,143727,143730,143731
1301	1000ns_50b_35_14_35	143827,143831,143833,143835
1303	1000ns_50b_35_14_35	143953,143954,143955,143956,143957,143959,143960,143961,143962
1305	1000ns_50b_35_14_35	144008,144010,144011
1308	1000ns_50b_35_14_35	144083,144084,144085,144086,144087,144088,144089
1309	1000ns_50b_35_14_35	144112,144114
1364	150ns_24b_16_16_16_8bpi	146417,146421,146427,146428,146430,146431,146434,146436,146437,146440,14644
1366	150ns_56b_47_16_47_8bpi 146508,146510,146511,146513,146514
1372	150ns_104b_93_8_93_8bpi 146644
1373	150ns_104b_93_8_93_8bpi	146698,146703,146710,146712,146713,146715,146716,146717,146718,146719,146721,146724,146726,146728,146729,146733
1375	150ns_104b_93_8_93_8bpi 146804,146805,146807
1381	150ns_152b_140_16_140_8+8bpi11inj	146944
1387	150ns_152b_140_16_140_8+8bpi11inj	147043
1388	150ns_152b_140_16_140_8+8bpi11inj	147048
1389	150ns_152b_140_16_140_8+8bpi11inj	147114,147115,147116
1393	150ns_200b_186_8_186_8+8bpi17inj	147195,147196,147202,147203,147205,147206,147212,147214,147216,147217,147218,147219,147221,147222
1394	150ns_200b_186_8_186_8+8bpi17inj	147284
1397	150ns_200b_186_8_186_8+8bpi17inj	147390
1400	150ns_248b_233_16_233_3x8bpi15inj	147450,147451,147452,147453,147454 
1408	150ns_248b_233_16_233_3x8bpi15inj	147749,147752,147753,147754,147755,147756,147757
1418	150ns_248b_233_16_233_3x8bpi15inj	147926,147927,147928,147929   
1422	Single_16b_3_1_12_allVdmB		147984,147987,147989
1424	150ns_312b_295_16_295_3x8bpi19inj	148002
1427	150ns_312b_295_16_295_3x8bpi19inj	148029,148031,148032
1430	150ns_312b_295_16_295_3x8bpi19inj	148057,148058
1439	150ns_312b_295_16_295_3x8bpi19inj	148819,148822,148828,148829,148842,148844
1440	150ns_368b_348_15_344_4xbpi19inj	148859,148860,148861,148862,148864
1443	150ns_368b_348_15_344_4xbpi19inj	148952,148953
1444	150ns_368b_348_15_344_4xbpi19inj	149003,149011,149058,149063,149064
1450	150ns_368b_348_15_344_4xbpi19inj	149181,149182
1453	150ns_368b_348_15_344_4xbpi19inj	149291,149293,149294
1635	75ns_32b+4small_34_26_28_8bpi8inj	160853
1636	75ns_32b+4small_34_26_28_8bpi8inj	160871,160872,160873,160874,160875,160876,160877
1637	75ns_64b+4small_66_52_56_8bpi12inj	160888,160890,160894,160898
1638	75ns_64b+4small_66_52_56_8bpi12inj	160907,160911,160913,160914,160915,160916
1639	75ns_64b+4small_66_52_56_8bpi12inj	160935,160936,160937,160938,160939,160940,160942,160943
1640	75ns_136b+4small_138_102_105_24bpi11inj	160954,160955,160956,160957
1642	75ns_136b+4small_138_102_105_24bpi11inj	160994,160998,161008,161016,161020
1644	75ns_136b+4small_138_102_105_24bpi11inj	161103,161106,161107,161113,161116,161117,161119,161156,161165,161176
1645	75ns_200b_194_178_188_24bpi9inj		161216,161217,161222,161223,161224
1646	75ns_200b_194_178_188_24bpi9inj		161233
1647	75ns_200b_194_178_188_24bpi9inj		161310,161311,161312
1711	50ns_228b+1small_214_12_180_36bpi8inj	162765,162762,162760,162742,162739,162733,162718,162716,162713 
1712	50ns_228b+1small_214_12_180_36bpi8inj	162811,162810,162808,162803
1713	50ns_228b+1small_214_12_180_36bpi8inj	162828,162827,162826,162825,162824,162823,162822
1716	50ns_336b+1small_322_12_288_36bpi11inj	162909
1717	50ns_336b+1small_322_12_288_36bpi11inj	162917
1718	50ns_336b+1small_322_12_288_36bpi11inj	162929,162926,162925,162924
1721	50ns_336b+1small_322_12_288_36bpi11inj	163046,163045
1722	50ns_336b+1small_322_12_288_36bpi11inj	163078,163076,163072,163071,163070,163069
1727	50ns_336b+1small_322_14_288_72bpi7inj	163238,163237,163235,163234,163233,163232
1728	50ns_480b+1small_424_12_468_36bpi15inj	163261,163255,163254,163252
1729	50ns_480b+1small_424_12_468_36bpi15inj	163270,163269
1730	50ns_336b+1small_322_14_288_72bpi7inj	163289,163286 
1731	50ns_480b+1small_424_12_468_36bpi15inj	163308,163302,163301,163300,163297,163296
1732	50ns_480b+1small_424_12_468_36bpi15inj	163340,163339,163338,163337,163334,163333,163332
1733	50ns_480b+1small_424_14_468_72bpi11inj	163358
1735	50ns_480b+1small_424_14_468_72bpi11inj	163378,163376,163375,163374,163372,163371,163370,163369
1736	50ns_480b+1small_424_14_468_72bpi11inj	163387,163385
1737	50ns_480b+1small_424_14_468_72bpi11inj	163402
1739	50ns_480b+1small_424_14_468_72bpi11inj  163483,163482,163481,163480,163479,163478,163476,163475
1743	50ns_624b+1small_598_16_576_72bpi11inj_b  163596,163593,163592,163591,163589,163588,163587,163586,163585,163584,163583,163582,163581
1744	50ns_624b+1small_598_16_576_72bpi11inj_b  163630
1745	50ns_624b+1small_598_16_576_72bpi11inj_b  163668,163665,163664,163663,163662,163661,163660,163659,163658,163657,163655
1748	50ns_624b+1small_598_16_576_72bpi11inj_b  163738 
1749	50ns_624b+1small_598_16_576_72bpi11inj_b  163765,163763,163761,163760,163759,163758,163757,163756,163755,163754,163753 
1753	50ns_768b+1small_700_16_756_72bpi15inj_b  163796,163795 
1755	50ns_768b+1small_700_16_756_72bpi15inj_b  163817
1756	50ns_768b+1small_700_16_756_72bpi15inj_b  163869
1795    50ns_768b+1small_700_16_756_72bpi15inj_b  165364
1796    50ns_768b+1small_700_18_756_108bpi11inj   165402,165400 
1798    50ns_768b+1small_700_18_756_108bpi11inj   165423,165421,165415
1799    50ns_912b+1small_874_20_864_108bpi11inj   165472,165467
1800    50ns_912b+1small_874_20_864_108bpi11inj   165487,165486
1801    50ns_912b+1small_874_20_864_108bpi11inj   165506
1802    50ns_912b+1small_874_20_864_108bpi11inj   165514
1803    50ns_912b+1small_874_20_864_108bpi11inj   165558,165557,165548,165542,165537,165536,165529,165525,165523
1804    50ns_912b+1small_874_20_864_108bpi11inj   165570,165567
1805    50ns_912b+1small_874_20_864_108bpi11inj   165620,165619,165617,165590
1806    50ns_912b+1small_874_20_864_108bpi11inj   165633
1809    50ns_912b+1small_874_9_876_108bpi11inj    165970
1812    50ns_912b+1small_874_9_876_108bpi11inj    165999,165993 
1813    50ns_912b+1small_874_9_876_108bpi11inj 	  166011,166010 
1815    50ns_1092b+1small_1042_35_1008_108bpi13inj 	166034,166033 
1816    50ns_1092b+1small_1042_35_1008_108bpi13inj 	166052,166051,166049 
1822    50ns_1092b+1small_1042_35_1008_108bpi13inj 	166150,166149,166148,166147,166145
1823    50ns_1092b+1small_1042_35_1008_108bpi13inj 	166164,166163,166161
1835    50ns_1092b+1small_1042_35_1008_108bpi13inj 	166346 
1836    50ns_1092b+1small_1042_35_1008_108bpi13inj 	166380,166379,166377,166374
1839    50ns_1092b+1small_1042_35_1008_108bpi13inj 	166394
1841    50ns_1092b+1small_1042_35_1008_108bpi13inj 	166408
1844    50ns_1092b+1small_1042_35_1008_108bpi13inj 	166429
1845	50ns_1092b+1small_1042_35_1008_108bpi13inj	166438,166439
1846	50ns_1092b+1small_1042_35_1008_108bpi13inj	166462
1848	50ns_1092b+1small_1042_35_1008_108bpi13inj	166486
1851	50ns_1092b+1small_1042_35_1008_108bpi13inj	166502
1852    50ns_1092b+1small_1042_35_1008_108bpi13inj      166514,166512
1854    50ns_1092b+1small_1042_35_1008_108bpi13inj      166530
1855    50ns_1104b+1small_1042_35_1008_108bpi_ob        166565,166563,166562,166554
1856    50ns_1104b+1small_1042_35_1008_108bpi_ob        166701,166699
1859    50ns_1092b+1small_1042_35_1008_144bpi13inj      166763
1862    50ns_1092b+1small_1042_35_1008_144bpi13inj      166787,166784,166782,166781
1863    50ns_1092b+1small_1042_35_1008_144bpi13inj      166842,166841,166840,166839
1864    50ns_1092b+1small_1042_35_1008_144bpi13inj      166864,166863,166862,166861,166860,166859
1865    50ns_1092b+1small_1042_35_1008_144bpi13inj      166895,166894,166893,166890,166889,166888
1866    50ns_1092b+1small_1042_35_1008_144bpi13inj      166911
1867    50ns_1092b+1small_1042_35_1008_144bpi13inj      166923,166922,166921
1868    50ns_1092b+1small_1042_35_1008_144bpi13inj      166967,166966,166960,166950,166947,166946
1871    50ns_1092b+1small_1042_35_1008_144bpi13inj      167043,167041,167039
1873    50ns_1092b+1small_1042_35_1008_144bpi13inj      167078
1875    50ns_1092b+1small_1042_35_1008_144bpi13inj      167103,167102,167101,167100,167099,167098
1880    50ns_1092b+1small_1042_35_1008_144bpi13inj      167151,167150
1883    50ns_1092b+1small_1042_35_1008_144bpi13inj      167284,167283,167282,167281
